***************Animation_File_Header***************
#Nodes: 66
#KeyFrames: 42
#Duration: 1033.33
#TicksPerSecond: 30
#GlobalInverseTransform: 1 -0 0 0 -0 1 0 0 0 -0 1 0 0 -0 0 1 
#RootBoneName: mixamorig:Hips
#RootBoneIndex: 1

***********************Nodes***********************
#0_Matrix: 1 0 -0 0 0 1 -0 0 -0 -0 1 -0 0 0 -0 1 
#1_Matrix: 1 0 -0 0 0 1 -0 0 -0 -0 1 -0 0 93.4115 -0 1 
#2_Matrix: 1 0 -0 0 0 0.996489 0.0837231 0 -0 -0.0837231 0.996489 -0 0 10.9697 0.9217 1 
#3_Matrix: 1 0 -0 0 0 1 -0 0 -0 -0 1 -0 0 12.8431 -0 1 
#4_Matrix: 1 0 -0 0 0 1 -0 0 -0 -0 1 -0 0 14.6778 -0 1 
#5_Matrix: 1 0 -0 0 0 0.996489 -0.0837231 0 -0 0.0837231 0.996489 -0 0 16.5125 -0 1 
#6_Matrix: 1 0 -0 0 0 1 -0 0 -0 -0 1 -0 0 7.0611 -2.2989 1 
#7_Matrix: 1 0 -0 0 0 1 -0 0 -0 -0 1 -0 0 18.9304 -6.1633 1 
#8_Matrix: -0.0298506 -0.000695505 0.999554 0 0.950437 -0.309638 0.0281683 0 0.30948 0.950854 0.0099039 -0 6.9169 14.0571 0.2219 1 
#9_Matrix: 0.999551 0.029138 0.00692595 0 -0.0298506 0.950437 0.30948 0 0.00243495 -0.309548 0.950881 -0 0 14.5318 -0 1 
#10_Matrix: 0.999996 -3.14321e-09 -0.00291634 0 1.04774e-09 1 7.45058e-09 0 0.00291634 -7.45058e-09 0.999996 -0 0 21.0267 -0 1 
#11_Matrix: 0.992733 -0.101285 0.0649864 0 0.104255 0.993574 -0.0440611 0 -0.0601061 0.0505161 0.996913 -0 0 30.839 -0 1 
#12_Matrix: 0.824137 0.555522 0.11042 0 -0.469541 0.779132 -0.415314 0 -0.316748 0.290429 0.902952 -0 -3.8466 2.9022 -1.2821 1 
#13_Matrix: 0.997771 0.0666559 -0.00317458 0 -0.0666561 0.997776 4.43161e-05 0 0.00317047 0.0001674 0.999995 -0 -0.2103 3.9835 -0 1 
#14_Matrix: 0.999787 0.0206416 -0.000473758 0 -0.0206416 0.999787 1.63987e-05 0 0.000473996 -6.61798e-06 1 -0 0.0672 4.8128 -0 1 
#15_Matrix: 1 0 -0 0 0 1 -0 0 -0 -0 1 -0 0.1431 4.1336 -0 1 
#16_Matrix: 0.99378 0.111036 -0.00850156 0 -0.110471 0.992591 0.0505968 0 0.0140567 -0.0493429 0.998683 -0 -4.3203 10.6382 0.5629 1 
#17_Matrix: 0.999915 -0.0130099 0.000370702 0 0.0130099 0.999915 1.37091e-06 0 -0.000370689 3.45707e-06 1 -0 0.0409 4.4269 -0 1 
#18_Matrix: 0.999991 -0.00424935 -0.000300031 0 0.00424935 0.999991 -2.40281e-06 0 0.000300039 1.12876e-06 1 -0 -0.0153 4.0567 -0 1 
#19_Matrix: 1 0 -0 0 0 1 -0 0 -0 -0 1 -0 -0.0256 3.1916 -0 1 
#20_Matrix: 0.994354 0.104884 -0.0160857 0 -0.103955 0.993296 0.0505595 0 0.0212807 -0.0486018 0.998591 -0 -1.0825 10.619 0.5399 1 
#21_Matrix: 0.999984 -0.00558635 -7.03122e-06 0 0.00558635 0.999984 -2.23517e-08 0 7.03122e-06 -1.49012e-08 1 -0 0.0121 4.5069 -0 1 
#22_Matrix: 0.999995 0.00304647 4.88148e-05 0 -0.00304647 0.999995 -1.11759e-08 0 -4.88146e-05 -1.37836e-07 1 -0 -0.0126 4.3424 -0 1 
#23_Matrix: 1 0 -0 0 0 1 -0 0 -0 -0 1 -0 0.0005 3.4516 -0 1 
#24_Matrix: 0.993463 0.1037 -0.047719 0 -0.101285 0.993574 0.0505162 0 0.0526509 -0.0453527 0.997583 -0 1.6396 10.3161 0.4749 1 
#25_Matrix: 1 0 -0 0 0 1 -0 0 -0 -0 1 -0 0 4.4057 -0 1 
#26_Matrix: 1 0 -0 0 0 1 -0 0 -0 -0 1 -0 0 4.1563 -0 1 
#27_Matrix: 1 0 -0 0 0 1 -0 0 -0 -0 1 -0 0 3.334 -0 1 
#28_Matrix: 0.991506 0.0983174 -0.0851388 0 -0.0943071 0.994291 0.049918 0 0.0895606 -0.0414648 0.995118 -0 3.7632 8.7588 0.7165 1 
#29_Matrix: 0.99983 0.0184576 0.000456973 0 -0.0184576 0.99983 -5.20051e-06 0 -0.000456991 -3.21865e-06 1 -0 -0.0319 4.5312 -0 1 
#30_Matrix: 0.999876 -0.0157279 -0.00056465 0 0.0157279 0.999876 -2.44379e-06 0 0.000564619 -6.4373e-06 1 -0 0.0437 3.8269 -0 1 
#31_Matrix: 1 0 -0 0 0 1 -0 0 -0 -0 1 -0 -0.0117 2.7147 -0 1 
#32_Matrix: -0.0253065 0.000541079 -0.99968 0 -0.950437 -0.309998 0.0238922 0 -0.309885 0.950737 0.00835923 -0 -6.9169 14.0545 0.1909 1 
#33_Matrix: 0.99968 -0.024141 -0.00759602 0 0.0253065 0.950437 0.309885 0 -0.000261395 -0.309978 0.950744 -0 0 14.5318 -0 1 
#34_Matrix: 0.999995 -2.32831e-10 0.00309834 0 1.04774e-09 1 7.45058e-09 0 -0.00309834 -7.45058e-09 0.999995 -0 0 21.0299 -0 1 
#35_Matrix: 0.992695 0.109127 -0.0514499 0 -0.110803 0.993361 -0.0309195 0 0.0477342 0.0363944 0.998197 -0 0 30.8395 -0 1 
#36_Matrix: 0.830476 -0.545772 -0.111547 0 0.455011 0.780127 -0.42938 0 0.321364 0.305835 0.896209 -0 3.7667 2.8992 -1.2779 1 
#37_Matrix: 0.998969 -0.0446492 0.00814934 0 0.0446524 0.999003 -0.000214979 0 -0.00813161 0.000578642 0.999967 -0 0.2795 3.9277 -0 1 
#38_Matrix: 0.99242 -0.12288 0.00146302 0 0.12288 0.992422 0.000142094 0 -0.00146939 3.87616e-05 0.999999 -0 0.1252 4.7458 -0 1 
#39_Matrix: 1 0 -0 0 0 1 -0 0 -0 -0 1 -0 -0.4047 4.167 -0 1 
#40_Matrix: 0.993113 -0.116864 0.00836669 0 0.116487 0.992523 0.0364574 0 -0.0125647 -0.0352317 0.9993 -0 4.2468 10.7473 0.6027 1 
#41_Matrix: 0.999881 0.0154105 4.41079e-05 0 -0.0154105 0.999881 -3.57628e-07 0 -4.41079e-05 -3.27826e-07 1 -0 -0.0327 4.414 -0 1 
#42_Matrix: 0.999968 -0.00794218 -0.000296818 0 0.00794218 0.999968 2.23517e-08 0 0.000296809 -2.37674e-06 1 -0 0.0325 4.0609 -0 1 
#43_Matrix: 1 0 -0 0 0 1 -0 0 -0 -0 1 -0 0.0002 3.2942 -0 1 
#44_Matrix: 0.993115 -0.116076 0.0157777 0 0.115441 0.992644 0.0364954 0 -0.0198979 -0.0344228 0.999209 -0 1.1613 10.5711 0.3873 1 
#45_Matrix: 0.999946 0.0103595 -0.000148241 0 -0.0103595 0.999946 5.81145e-07 0 0.000148239 9.31323e-07 1 -0 -0.0279 4.3896 -0 1 
#46_Matrix: 0.999999 -0.00117322 -4.73387e-05 0 0.00117322 0.999999 1.3411e-07 0 4.73385e-05 -1.90921e-07 1 -0 0.0177 4.4207 -0 1 
#47_Matrix: 1 0 -0 0 0 1 -0 0 -0 -0 1 -0 0.0102 3.6034 -0 1 
#48_Matrix: 0.992198 -0.111073 0.0566129 0 0.109127 0.993361 0.0363944 0 -0.0602795 -0.0299324 0.997733 -0 -1.6563 10.1834 0.59 1 
#49_Matrix: 1 -0.000120421 -5.96278e-06 0 0.000120421 1 -0 0 5.96278e-06 -0 1 -0 0 4.6059 -0 1 
#50_Matrix: 1 0.000264198 -2.5639e-06 0 -0.000264198 1 1.49012e-08 0 2.5639e-06 -1.49012e-08 1 -0 -0.0005 4.1521 -0 1 
#51_Matrix: 1 0 -0 0 0 1 -0 0 -0 -0 1 -0 0.0005 3.4776 -0 1 
#52_Matrix: 0.987529 -0.10894 0.113657 0 0.105488 0.99377 0.0359758 0 -0.116868 -0.0235377 0.992869 -0 -3.7518 9.0051 0.7625 1 
#53_Matrix: 0.999792 -0.0203875 -0.00117967 0 0.0203875 0.999792 -1.97142e-05 0 0.00117983 -4.35114e-06 0.999999 -0 0.0166 4.5044 -0 1 
#54_Matrix: 0.999491 0.0318897 0.000216136 0 -0.0318897 0.999491 -3.27826e-06 0 -0.00021613 -3.60608e-06 1 -0 -0.0614 3.6755 -0 1 
#55_Matrix: 1 0 -0 0 0 1 -0 0 -0 -0 1 -0 0.0448 2.9488 -0 1 
#56_Matrix: -0.999767 -0.0215189 0.00159872 0 0.021572 -0.998504 0.0502547 0 0.000514904 0.0502775 0.998735 -0 9.2854 -6.1014 -0.0984 1 
#57_Matrix: 0.998886 -0.0471884 -0 0 0.0471327 0.997707 0.0485743 0 -0.00229214 -0.0485202 0.99882 -0 0 41.2799 -0 1 
#58_Matrix: 0.99501 0.0101249 0.0992617 0 0.082235 0.480173 -0.873311 0 -0.056505 0.877115 0.476944 -0 0 34.8206 -0 1 
#59_Matrix: 0.999288 0 0.0377233 0 0.0203718 0.841645 -0.539647 0 -0.0317496 0.540032 0.841046 -0 0 19.6235 -0 1 
#60_Matrix: 1 0 -0 0 0 1 -0 0 -0 -0 1 -0 0 7.2782 -0 1 
#61_Matrix: -0.999767 0.0214874 -0.0018867 0 -0.0215615 -0.998002 0.0593934 0 -0.000606723 0.0594202 0.998233 -0 -9.2854 -6.1014 -0.477 1 
#62_Matrix: 0.998886 0.0471919 -0 0 -0.0471887 0.998819 0.0115556 0 0.000545329 -0.0115427 0.999933 -0 0 41.3007 -0 1 
#63_Matrix: 0.994021 -0.0101379 -0.108718 0 -0.0864972 0.534552 -0.840698 0 0.0666385 0.845075 0.530479 -0 0 34.7381 -0 1 
#64_Matrix: 0.999784 0 -0.0207627 0 -0.0118167 0.822245 -0.56901 0 0.017072 0.569133 0.822068 -0 0 18.6696 -0 1 
#65_Matrix: 1 0 -0 0 0 1 -0 0 -0 -0 1 -0 0 7.2377 -0 1 

**********************Parents**********************
#0_Parents: -1
#1_Parents: 0
#2_Parents: 1
#3_Parents: 2
#4_Parents: 3
#5_Parents: 4
#6_Parents: 5
#7_Parents: 6
#8_Parents: 4
#9_Parents: 8
#10_Parents: 9
#11_Parents: 10
#12_Parents: 11
#13_Parents: 12
#14_Parents: 13
#15_Parents: 14
#16_Parents: 11
#17_Parents: 16
#18_Parents: 17
#19_Parents: 18
#20_Parents: 11
#21_Parents: 20
#22_Parents: 21
#23_Parents: 22
#24_Parents: 11
#25_Parents: 24
#26_Parents: 25
#27_Parents: 26
#28_Parents: 11
#29_Parents: 28
#30_Parents: 29
#31_Parents: 30
#32_Parents: 4
#33_Parents: 32
#34_Parents: 33
#35_Parents: 34
#36_Parents: 35
#37_Parents: 36
#38_Parents: 37
#39_Parents: 38
#40_Parents: 35
#41_Parents: 40
#42_Parents: 41
#43_Parents: 42
#44_Parents: 35
#45_Parents: 44
#46_Parents: 45
#47_Parents: 46
#48_Parents: 35
#49_Parents: 48
#50_Parents: 49
#51_Parents: 50
#52_Parents: 35
#53_Parents: 52
#54_Parents: 53
#55_Parents: 54
#56_Parents: 1
#57_Parents: 56
#58_Parents: 57
#59_Parents: 58
#60_Parents: 59
#61_Parents: 1
#62_Parents: 61
#63_Parents: 62
#64_Parents: 63
#65_Parents: 64

********************BoneIndices********************
#0_BoneIndex: -1
#1_BoneIndex: 3
#2_BoneIndex: 1
#3_BoneIndex: 2
#4_BoneIndex: 0
#5_BoneIndex: 27
#6_BoneIndex: 28
#7_BoneIndex: -1
#8_BoneIndex: 6
#9_BoneIndex: 7
#10_BoneIndex: 9
#11_BoneIndex: 18
#12_BoneIndex: 20
#13_BoneIndex: 38
#14_BoneIndex: 39
#15_BoneIndex: -1
#16_BoneIndex: 33
#17_BoneIndex: 31
#18_BoneIndex: 32
#19_BoneIndex: -1
#20_BoneIndex: 22
#21_BoneIndex: 30
#22_BoneIndex: 29
#23_BoneIndex: -1
#24_BoneIndex: 21
#25_BoneIndex: 34
#26_BoneIndex: 37
#27_BoneIndex: -1
#28_BoneIndex: 19
#29_BoneIndex: 35
#30_BoneIndex: 36
#31_BoneIndex: -1
#32_BoneIndex: 4
#33_BoneIndex: 5
#34_BoneIndex: 8
#35_BoneIndex: 23
#36_BoneIndex: 26
#37_BoneIndex: 40
#38_BoneIndex: 51
#39_BoneIndex: -1
#40_BoneIndex: 46
#41_BoneIndex: 44
#42_BoneIndex: 45
#43_BoneIndex: -1
#44_BoneIndex: 24
#45_BoneIndex: 43
#46_BoneIndex: 42
#47_BoneIndex: -1
#48_BoneIndex: 41
#49_BoneIndex: 47
#50_BoneIndex: 48
#51_BoneIndex: -1
#52_BoneIndex: 25
#53_BoneIndex: 49
#54_BoneIndex: 50
#55_BoneIndex: -1
#56_BoneIndex: 13
#57_BoneIndex: 12
#58_BoneIndex: 10
#59_BoneIndex: 11
#60_BoneIndex: -1
#61_BoneIndex: 14
#62_BoneIndex: 17
#63_BoneIndex: 15
#64_BoneIndex: 16
#65_BoneIndex: -1

******************KeyFrameIndices******************
#0_KeyFrameIndex: -1
#1_KeyFrameIndex: 1
#2_KeyFrameIndex: 39
#3_KeyFrameIndex: 40
#4_KeyFrameIndex: 41
#5_KeyFrameIndex: 20
#6_KeyFrameIndex: 0
#7_KeyFrameIndex: -1
#8_KeyFrameIndex: 17
#9_KeyFrameIndex: 2
#10_KeyFrameIndex: 4
#11_KeyFrameIndex: 5
#12_KeyFrameIndex: 14
#13_KeyFrameIndex: 15
#14_KeyFrameIndex: -1
#15_KeyFrameIndex: -1
#16_KeyFrameIndex: 6
#17_KeyFrameIndex: 7
#18_KeyFrameIndex: -1
#19_KeyFrameIndex: -1
#20_KeyFrameIndex: 8
#21_KeyFrameIndex: 9
#22_KeyFrameIndex: -1
#23_KeyFrameIndex: -1
#24_KeyFrameIndex: 12
#25_KeyFrameIndex: 13
#26_KeyFrameIndex: -1
#27_KeyFrameIndex: -1
#28_KeyFrameIndex: 10
#29_KeyFrameIndex: 11
#30_KeyFrameIndex: -1
#31_KeyFrameIndex: -1
#32_KeyFrameIndex: 36
#33_KeyFrameIndex: 21
#34_KeyFrameIndex: 23
#35_KeyFrameIndex: 24
#36_KeyFrameIndex: 33
#37_KeyFrameIndex: 34
#38_KeyFrameIndex: -1
#39_KeyFrameIndex: -1
#40_KeyFrameIndex: 25
#41_KeyFrameIndex: 26
#42_KeyFrameIndex: -1
#43_KeyFrameIndex: -1
#44_KeyFrameIndex: 27
#45_KeyFrameIndex: 28
#46_KeyFrameIndex: -1
#47_KeyFrameIndex: -1
#48_KeyFrameIndex: 31
#49_KeyFrameIndex: 32
#50_KeyFrameIndex: -1
#51_KeyFrameIndex: -1
#52_KeyFrameIndex: 29
#53_KeyFrameIndex: 30
#54_KeyFrameIndex: -1
#55_KeyFrameIndex: -1
#56_KeyFrameIndex: 19
#57_KeyFrameIndex: 16
#58_KeyFrameIndex: 3
#59_KeyFrameIndex: 18
#60_KeyFrameIndex: -1
#61_KeyFrameIndex: 38
#62_KeyFrameIndex: 35
#63_KeyFrameIndex: 22
#64_KeyFrameIndex: 37
#65_KeyFrameIndex: -1

*********************KeyFrames*********************
#0_KeyFrame
Scale_Size: 27
Rotate_Size: 27
Pos_Size: 27
Scale_Time: 0 Scale: 1 1 1
Scale_Time: 33.3333 Scale: 1 1 1
Scale_Time: 66.6667 Scale: 1 1 1
Scale_Time: 166.667 Scale: 1 1 1
Scale_Time: 233.333 Scale: 1 1 1
Scale_Time: 266.667 Scale: 1 1 1
Scale_Time: 300 Scale: 1 1 1
Scale_Time: 333.333 Scale: 1 1 1
Scale_Time: 366.667 Scale: 1 1 1
Scale_Time: 400 Scale: 1 1 1
Scale_Time: 433.333 Scale: 1 1 1
Scale_Time: 466.667 Scale: 1 1 1
Scale_Time: 500 Scale: 1 1 1
Scale_Time: 566.667 Scale: 1 1 1
Scale_Time: 600 Scale: 1 1 1
Scale_Time: 633.333 Scale: 1 1 1
Scale_Time: 666.667 Scale: 1 1 1
Scale_Time: 700 Scale: 1 1 1
Scale_Time: 733.333 Scale: 1 1 1
Scale_Time: 766.667 Scale: 1 1 1
Scale_Time: 833.333 Scale: 1 1 1
Scale_Time: 866.667 Scale: 1 1 1
Scale_Time: 900 Scale: 1 1 1
Scale_Time: 933.333 Scale: 1 1 1
Scale_Time: 966.667 Scale: 1 1 1
Scale_Time: 1000 Scale: 1 1 1
Scale_Time: 1033.33 Scale: 1 1 1
Rotate_Time: 0 Rotation: -0.0235005 0.0268053 0.0160073 0.999236
Rotate_Time: 33.3333 Rotation: -0.0197569 0.0259583 0.0130182 0.999383
Rotate_Time: 66.6667 Rotation: -0.0184195 0.0237786 0.00724887 0.999521
Rotate_Time: 166.667 Rotation: -0.00655036 0.0190786 -0.00436506 0.999787
Rotate_Time: 233.333 Rotation: -0.00699571 0.019947 -0.00521728 0.999763
Rotate_Time: 266.667 Rotation: -0.013195 0.0230618 0.00133296 0.999646
Rotate_Time: 300 Rotation: -0.0109535 0.0256283 0.0102492 0.999559
Rotate_Time: 333.333 Rotation: -0.00636407 0.0250582 0.0159581 0.999538
Rotate_Time: 366.667 Rotation: -0.0099649 0.0221196 0.0199566 0.999506
Rotate_Time: 400 Rotation: -0.0146224 0.0176184 0.0242365 0.999444
Rotate_Time: 433.333 Rotation: -0.0170407 0.0106973 0.0247768 0.99949
Rotate_Time: 466.667 Rotation: -0.0190668 0.00412965 0.0251043 0.999494
Rotate_Time: 500 Rotation: -0.0157219 -0.00095676 0.0268793 0.999515
Rotate_Time: 566.667 Rotation: -0.00819786 -0.00669958 0.0311184 0.99946
Rotate_Time: 600 Rotation: -0.00222288 -0.00786633 0.0332453 0.999414
Rotate_Time: 633.333 Rotation: 0.00135225 -0.00727512 0.0368419 0.999294
Rotate_Time: 666.667 Rotation: 0.00454048 -0.00730207 0.037157 0.999272
Rotate_Time: 700 Rotation: 0.0033627 -0.00702809 0.0359587 0.999323
Rotate_Time: 733.333 Rotation: -0.00282307 -0.00616847 0.0336353 0.999411
Rotate_Time: 766.667 Rotation: -0.0095809 -0.0056216 0.0286321 0.999528
Rotate_Time: 833.333 Rotation: -0.0111999 -0.0023972 0.0190583 0.999753
Rotate_Time: 866.667 Rotation: -0.0138532 0.00167028 0.018522 0.999731
Rotate_Time: 900 Rotation: -0.0196838 0.00574567 0.0170094 0.999645
Rotate_Time: 933.333 Rotation: -0.0242062 0.0108118 0.0172909 0.999499
Rotate_Time: 966.667 Rotation: -0.0254212 0.0160167 0.0171211 0.999402
Rotate_Time: 1000 Rotation: -0.0242283 0.0212359 0.0165457 0.999344
Rotate_Time: 1033.33 Rotation: -0.0235009 0.0268053 0.0160074 0.999236
Pos_Time: 0 Pos: 0 7.0611 -2.2989
Pos_Time: 33.3333 Pos: 0 7.0611 -2.2989
Pos_Time: 66.6667 Pos: 0 7.0611 -2.2989
Pos_Time: 166.667 Pos: 0 7.0611 -2.2989
Pos_Time: 233.333 Pos: 0 7.0611 -2.2989
Pos_Time: 266.667 Pos: 0 7.0611 -2.2989
Pos_Time: 300 Pos: 0 7.0611 -2.2989
Pos_Time: 333.333 Pos: 0 7.0611 -2.2989
Pos_Time: 366.667 Pos: 0 7.0611 -2.2989
Pos_Time: 400 Pos: 0 7.0611 -2.2989
Pos_Time: 433.333 Pos: 0 7.0611 -2.2989
Pos_Time: 466.667 Pos: 0 7.0611 -2.2989
Pos_Time: 500 Pos: 0 7.0611 -2.2989
Pos_Time: 566.667 Pos: 0 7.0611 -2.2989
Pos_Time: 600 Pos: 0 7.0611 -2.2989
Pos_Time: 633.333 Pos: 0 7.0611 -2.2989
Pos_Time: 666.667 Pos: 0 7.0611 -2.2989
Pos_Time: 700 Pos: 0 7.0611 -2.2989
Pos_Time: 733.333 Pos: 0 7.0611 -2.2989
Pos_Time: 766.667 Pos: 0 7.0611 -2.2989
Pos_Time: 833.333 Pos: 0 7.0611 -2.2989
Pos_Time: 866.667 Pos: 0 7.0611 -2.2989
Pos_Time: 900 Pos: 0 7.0611 -2.2989
Pos_Time: 933.333 Pos: 0 7.0611 -2.2989
Pos_Time: 966.667 Pos: 0 7.0611 -2.2989
Pos_Time: 1000 Pos: 0 7.0611 -2.2989
Pos_Time: 1033.33 Pos: 0 7.0611 -2.2989

#1_KeyFrame
Scale_Size: 27
Rotate_Size: 27
Pos_Size: 27
Scale_Time: 0 Scale: 1 1 1
Scale_Time: 33.3333 Scale: 1 1 1
Scale_Time: 66.6667 Scale: 1 1 1
Scale_Time: 166.667 Scale: 1 1 1
Scale_Time: 233.333 Scale: 1 1 1
Scale_Time: 266.667 Scale: 1 1 1
Scale_Time: 300 Scale: 1 1 1
Scale_Time: 333.333 Scale: 1 1 1
Scale_Time: 366.667 Scale: 1 1 1
Scale_Time: 400 Scale: 1 1 1
Scale_Time: 433.333 Scale: 1 1 1
Scale_Time: 466.667 Scale: 1 1 1
Scale_Time: 500 Scale: 1 1 1
Scale_Time: 566.667 Scale: 1 1 1
Scale_Time: 600 Scale: 1 1 1
Scale_Time: 633.333 Scale: 1 1 1
Scale_Time: 666.667 Scale: 1 1 1
Scale_Time: 700 Scale: 1 1 1
Scale_Time: 733.333 Scale: 1 1 1
Scale_Time: 766.667 Scale: 1 1 1
Scale_Time: 833.333 Scale: 1 1 1
Scale_Time: 866.667 Scale: 1 1 1
Scale_Time: 900 Scale: 1 1 1
Scale_Time: 933.333 Scale: 1 1 1
Scale_Time: 966.667 Scale: 1 1 1
Scale_Time: 1000 Scale: 1 1 1
Scale_Time: 1033.33 Scale: 1 1 1
Rotate_Time: 0 Rotation: -0.00846552 -0.0238239 -0.0156043 0.999559
Rotate_Time: 33.3333 Rotation: -0.00867203 -0.0120842 -0.0153927 0.999771
Rotate_Time: 66.6667 Rotation: -0.00772852 -0.00219075 -0.0170617 0.999822
Rotate_Time: 166.667 Rotation: -0.00595082 0.015549 -0.0171491 0.999714
Rotate_Time: 233.333 Rotation: -0.00705904 0.0288228 -0.0165924 0.999422
Rotate_Time: 266.667 Rotation: -0.00664114 0.0336951 -0.0155675 0.999289
Rotate_Time: 300 Rotation: -0.00836973 0.0359775 -0.0122726 0.999242
Rotate_Time: 333.333 Rotation: -0.0122096 0.0351417 -0.00738031 0.999281
Rotate_Time: 366.667 Rotation: -0.0145365 0.0313817 -0.00305133 0.999397
Rotate_Time: 400 Rotation: -0.0131638 0.0268945 -0.00155466 0.99955
Rotate_Time: 433.333 Rotation: -0.00991865 0.0229298 -0.00341434 0.999682
Rotate_Time: 466.667 Rotation: -0.00760807 0.0168314 -0.0080093 0.999797
Rotate_Time: 500 Rotation: -0.0076438 0.00513338 -0.0127449 0.999876
Rotate_Time: 566.667 Rotation: -0.013198 -0.0266716 -0.0103301 0.999504
Rotate_Time: 600 Rotation: -0.0155621 -0.0375225 -0.00365707 0.999168
Rotate_Time: 633.333 Rotation: -0.0163946 -0.0437427 0.00263703 0.998905
Rotate_Time: 666.667 Rotation: -0.016469 -0.0485233 0.0072554 0.99866
Rotate_Time: 700 Rotation: -0.0168497 -0.0546683 0.010308 0.998309
Rotate_Time: 733.333 Rotation: -0.0179663 -0.0623305 0.011635 0.997826
Rotate_Time: 766.667 Rotation: -0.0198703 -0.0692334 0.0101917 0.997351
Rotate_Time: 833.333 Rotation: -0.026381 -0.0696599 -0.00376324 0.997215
Rotate_Time: 866.667 Rotation: -0.028347 -0.0643833 -0.0134494 0.997432
Rotate_Time: 900 Rotation: -0.0262095 -0.0604079 -0.0211151 0.997606
Rotate_Time: 933.333 Rotation: -0.0204342 -0.0569261 -0.0239206 0.997883
Rotate_Time: 966.667 Rotation: -0.0141651 -0.0504517 -0.022242 0.998378
Rotate_Time: 1000 Rotation: -0.0100123 -0.0390925 -0.0185994 0.999012
Rotate_Time: 1033.33 Rotation: -0.00846553 -0.0238239 -0.0156044 0.999559
Pos_Time: 0 Pos: -0.0902183 91.8288 0.273237
Pos_Time: 33.3333 Pos: -0.185044 92.3586 -4.82375
Pos_Time: 66.6667 Pos: -0.246282 92.3444 -9.84947
Pos_Time: 166.667 Pos: -0.193182 90.1516 -25.1872
Pos_Time: 233.333 Pos: 0.213132 87.9936 -35.8908
Pos_Time: 266.667 Pos: 0.664397 86.7309 -41.9732
Pos_Time: 300 Pos: 1.11433 86.0091 -48.2037
Pos_Time: 333.333 Pos: 1.5915 85.8114 -54.1611
Pos_Time: 366.667 Pos: 2.02371 86.0569 -59.6666
Pos_Time: 400 Pos: 2.47807 87.192 -65.0289
Pos_Time: 433.333 Pos: 2.86238 88.8931 -70.2854
Pos_Time: 466.667 Pos: 3.10505 90.5495 -75.3784
Pos_Time: 500 Pos: 3.29656 91.9621 -80.5577
Pos_Time: 566.667 Pos: 3.44593 92.8556 -90.1608
Pos_Time: 600 Pos: 3.44579 92.3098 -95.1677
Pos_Time: 633.333 Pos: 3.46141 91.2691 -100.266
Pos_Time: 666.667 Pos: 3.43762 90.0534 -105.427
Pos_Time: 700 Pos: 3.36956 88.6606 -110.705
Pos_Time: 733.333 Pos: 3.20458 87.3426 -115.987
Pos_Time: 766.667 Pos: 2.8222 86.2091 -121.688
Pos_Time: 833.333 Pos: 1.83395 85.5975 -133.299
Pos_Time: 866.667 Pos: 1.36633 86.2328 -138.828
Pos_Time: 900 Pos: 0.799497 87.2815 -144.161
Pos_Time: 933.333 Pos: 0.446445 88.6147 -149.428
Pos_Time: 966.667 Pos: 0.20879 89.9499 -154.924
Pos_Time: 1000 Pos: 0.0333692 91.0584 -160.411
Pos_Time: 1033.33 Pos: -0.0902153 91.8289 -165.597

#2_KeyFrame
Scale_Size: 27
Rotate_Size: 27
Pos_Size: 27
Scale_Time: 0 Scale: 1 1 1
Scale_Time: 33.3333 Scale: 1 1 1
Scale_Time: 66.6667 Scale: 1 1 1
Scale_Time: 166.667 Scale: 1 1 1
Scale_Time: 233.333 Scale: 1 1 1
Scale_Time: 266.667 Scale: 1 1 1
Scale_Time: 300 Scale: 1 1 1
Scale_Time: 333.333 Scale: 1 1 1
Scale_Time: 366.667 Scale: 1 1 1
Scale_Time: 400 Scale: 1 1 1
Scale_Time: 433.333 Scale: 1 1 1
Scale_Time: 466.667 Scale: 1 1 1
Scale_Time: 500 Scale: 1 1 1
Scale_Time: 566.667 Scale: 1 1 1
Scale_Time: 600 Scale: 1 1 1
Scale_Time: 633.333 Scale: 1 1 1
Scale_Time: 666.667 Scale: 1 1 1
Scale_Time: 700 Scale: 1 1 1
Scale_Time: 733.333 Scale: 1 1 1
Scale_Time: 766.667 Scale: 1 1 1
Scale_Time: 833.333 Scale: 1 1 1
Scale_Time: 866.667 Scale: 1 1 1
Scale_Time: 900 Scale: 1 1 1
Scale_Time: 933.333 Scale: 1 1 1
Scale_Time: 966.667 Scale: 1 1 1
Scale_Time: 1000 Scale: 1 1 1
Scale_Time: 1033.33 Scale: 1 1 1
Rotate_Time: 0 Rotation: -0.279787 0.0740013 -0.0403836 0.956354
Rotate_Time: 33.3333 Rotation: -0.298245 0.0734285 -0.081545 0.948161
Rotate_Time: 66.6667 Rotation: -0.299752 0.0598047 -0.122011 0.944291
Rotate_Time: 166.667 Rotation: -0.333085 0.0380451 -0.206569 0.919204
Rotate_Time: 233.333 Rotation: -0.337521 0.040021 -0.25172 0.906154
Rotate_Time: 266.667 Rotation: -0.325075 0.037028 -0.279711 0.902617
Rotate_Time: 300 Rotation: -0.319119 0.0356828 -0.29697 0.899277
Rotate_Time: 333.333 Rotation: -0.319216 0.0386939 -0.295217 0.899695
Rotate_Time: 366.667 Rotation: -0.313162 0.0457293 -0.291583 0.902672
Rotate_Time: 400 Rotation: -0.298512 0.0537278 -0.282698 0.909992
Rotate_Time: 433.333 Rotation: -0.305142 0.0595156 -0.242068 0.919103
Rotate_Time: 466.667 Rotation: -0.314736 0.056763 -0.192616 0.927695
Rotate_Time: 500 Rotation: -0.31656 0.0495239 -0.153874 0.934698
Rotate_Time: 566.667 Rotation: -0.300405 0.0349 -0.110944 0.946695
Rotate_Time: 600 Rotation: -0.289722 0.0310212 -0.0867342 0.952668
Rotate_Time: 633.333 Rotation: -0.275668 0.0341267 -0.066482 0.958344
Rotate_Time: 666.667 Rotation: -0.263864 0.0384986 -0.0370365 0.963079
Rotate_Time: 700 Rotation: -0.255848 0.0467144 -0.0109404 0.965526
Rotate_Time: 733.333 Rotation: -0.243278 0.0588037 0.00182365 0.968171
Rotate_Time: 766.667 Rotation: -0.236948 0.0674175 0.00736854 0.969152
Rotate_Time: 833.333 Rotation: -0.221731 0.0684719 -0.00978667 0.972652
Rotate_Time: 866.667 Rotation: -0.231143 0.0641965 0.00229307 0.970797
Rotate_Time: 900 Rotation: -0.235223 0.0595508 0.0177367 0.969953
Rotate_Time: 933.333 Rotation: -0.246232 0.0534432 0.0309847 0.96724
Rotate_Time: 966.667 Rotation: -0.253594 0.0590011 0.0270537 0.96513
Rotate_Time: 1000 Rotation: -0.266564 0.0729733 0.00616845 0.961031
Rotate_Time: 1033.33 Rotation: -0.279787 0.0740013 -0.0403845 0.956354
Pos_Time: 0 Pos: 0 14.5318 -0
Pos_Time: 33.3333 Pos: 0 14.5318 -0
Pos_Time: 66.6667 Pos: 0 14.5318 -0
Pos_Time: 166.667 Pos: 0 14.5318 -0
Pos_Time: 233.333 Pos: 0 14.5318 -0
Pos_Time: 266.667 Pos: 0 14.5318 -0
Pos_Time: 300 Pos: 0 14.5318 -0
Pos_Time: 333.333 Pos: 0 14.5318 -0
Pos_Time: 366.667 Pos: 0 14.5318 -0
Pos_Time: 400 Pos: 0 14.5318 -0
Pos_Time: 433.333 Pos: 0 14.5318 -0
Pos_Time: 466.667 Pos: 0 14.5318 -0
Pos_Time: 500 Pos: 0 14.5318 -0
Pos_Time: 566.667 Pos: 0 14.5318 -0
Pos_Time: 600 Pos: 0 14.5318 -0
Pos_Time: 633.333 Pos: 0 14.5318 -0
Pos_Time: 666.667 Pos: 0 14.5318 -0
Pos_Time: 700 Pos: 0 14.5318 -0
Pos_Time: 733.333 Pos: 0 14.5318 -0
Pos_Time: 766.667 Pos: 0 14.5318 -0
Pos_Time: 833.333 Pos: 0 14.5318 -0
Pos_Time: 866.667 Pos: 0 14.5318 -0
Pos_Time: 900 Pos: 0 14.5318 -0
Pos_Time: 933.333 Pos: 0 14.5318 -0
Pos_Time: 966.667 Pos: 0 14.5318 -0
Pos_Time: 1000 Pos: 0 14.5318 -0
Pos_Time: 1033.33 Pos: 0 14.5318 -0

#3_KeyFrame
Scale_Size: 27
Rotate_Size: 27
Pos_Size: 27
Scale_Time: 0 Scale: 1 1 1
Scale_Time: 33.3333 Scale: 1 1 1
Scale_Time: 66.6667 Scale: 1 1 1
Scale_Time: 166.667 Scale: 1 1 1
Scale_Time: 233.333 Scale: 1 1 1
Scale_Time: 266.667 Scale: 1 1 1
Scale_Time: 300 Scale: 1 1 1
Scale_Time: 333.333 Scale: 1 1 1
Scale_Time: 366.667 Scale: 1 1 1
Scale_Time: 400 Scale: 1 1 1
Scale_Time: 433.333 Scale: 1 1 1
Scale_Time: 466.667 Scale: 1 1 1
Scale_Time: 500 Scale: 1 1 1
Scale_Time: 566.667 Scale: 1 1 1
Scale_Time: 600 Scale: 1 1 1
Scale_Time: 633.333 Scale: 1 1 1
Scale_Time: 666.667 Scale: 1 1 1
Scale_Time: 700 Scale: 1 1 1
Scale_Time: 733.333 Scale: 1 1 1
Scale_Time: 766.667 Scale: 1 1 1
Scale_Time: 833.333 Scale: 1 1 1
Scale_Time: 866.667 Scale: 1 1 1
Scale_Time: 900 Scale: 1 1 1
Scale_Time: 933.333 Scale: 1 1 1
Scale_Time: 966.667 Scale: 1 1 1
Scale_Time: 1000 Scale: 1 1 1
Scale_Time: 1033.33 Scale: 1 1 1
Rotate_Time: 0 Rotation: -0.513084 -0.0377509 -0.0297856 0.85699
Rotate_Time: 33.3333 Rotation: -0.530091 -0.0406088 -0.0249471 0.8466
Rotate_Time: 66.6667 Rotation: -0.541946 -0.0445239 -0.018411 0.839031
Rotate_Time: 166.667 Rotation: -0.505959 -0.0474911 -0.00990811 0.861192
Rotate_Time: 233.333 Rotation: -0.551919 -0.0407991 -0.0259886 0.832494
Rotate_Time: 266.667 Rotation: -0.555321 -0.049405 -0.00922778 0.830116
Rotate_Time: 300 Rotation: -0.511494 -0.0437632 -0.0187907 0.857966
Rotate_Time: 333.333 Rotation: -0.452581 -0.0434875 -0.0165991 0.890508
Rotate_Time: 366.667 Rotation: -0.501094 -0.0482152 -0.00777819 0.864014
Rotate_Time: 400 Rotation: -0.536878 -0.0511677 -0.0023413 0.842103
Rotate_Time: 433.333 Rotation: -0.555606 -0.0529404 0.000985438 0.829758
Rotate_Time: 466.667 Rotation: -0.56414 -0.0550857 0.00514746 0.823823
Rotate_Time: 500 Rotation: -0.56728 -0.0601219 0.0145246 0.821199
Rotate_Time: 566.667 Rotation: -0.570961 -0.0589649 0.0146274 0.818726
Rotate_Time: 600 Rotation: -0.585229 -0.0605583 0.0197819 0.808362
Rotate_Time: 633.333 Rotation: -0.607242 -0.0630439 0.027301 0.791541
Rotate_Time: 666.667 Rotation: -0.629195 -0.0678074 0.0389159 0.773306
Rotate_Time: 700 Rotation: -0.643288 -0.0715948 0.0485374 0.760723
Rotate_Time: 733.333 Rotation: -0.645116 -0.0700787 0.0474412 0.759384
Rotate_Time: 766.667 Rotation: -0.635614 -0.065448 0.0372692 0.768324
Rotate_Time: 833.333 Rotation: -0.48015 -0.0700624 0.0312409 0.873826
Rotate_Time: 866.667 Rotation: -0.429888 -0.0629922 0.00995848 0.900627
Rotate_Time: 900 Rotation: -0.357607 -0.0739318 0.0375931 0.930182
Rotate_Time: 933.333 Rotation: -0.360641 -0.0865687 0.0679456 0.92619
Rotate_Time: 966.667 Rotation: -0.419118 -0.0855238 0.0657232 0.901502
Rotate_Time: 1000 Rotation: -0.476002 -0.0631813 0.0208568 0.876924
Rotate_Time: 1033.33 Rotation: -0.513084 -0.0377509 -0.0297857 0.85699
Pos_Time: 0 Pos: 0 34.8206 -0
Pos_Time: 33.3333 Pos: 0 34.8206 -0
Pos_Time: 66.6667 Pos: 0 34.8206 -0
Pos_Time: 166.667 Pos: 0 34.8206 -0
Pos_Time: 233.333 Pos: 0 34.8206 -0
Pos_Time: 266.667 Pos: 0 34.8206 -0
Pos_Time: 300 Pos: 0 34.8206 -0
Pos_Time: 333.333 Pos: 0 34.8206 -0
Pos_Time: 366.667 Pos: 0 34.8206 -0
Pos_Time: 400 Pos: 0 34.8206 -0
Pos_Time: 433.333 Pos: 0 34.8206 -0
Pos_Time: 466.667 Pos: 0 34.8206 -0
Pos_Time: 500 Pos: 0 34.8206 -0
Pos_Time: 566.667 Pos: 0 34.8206 -0
Pos_Time: 600 Pos: 0 34.8206 -0
Pos_Time: 633.333 Pos: 0 34.8206 -0
Pos_Time: 666.667 Pos: 0 34.8206 -0
Pos_Time: 700 Pos: 0 34.8206 -0
Pos_Time: 733.333 Pos: 0 34.8206 -0
Pos_Time: 766.667 Pos: 0 34.8206 -0
Pos_Time: 833.333 Pos: 0 34.8206 -0
Pos_Time: 866.667 Pos: 0 34.8206 -0
Pos_Time: 900 Pos: 0 34.8206 -0
Pos_Time: 933.333 Pos: 0 34.8206 -0
Pos_Time: 966.667 Pos: 0 34.8206 -0
Pos_Time: 1000 Pos: 0 34.8206 -0
Pos_Time: 1033.33 Pos: 0 34.8206 -0

#4_KeyFrame
Scale_Size: 27
Rotate_Size: 27
Pos_Size: 27
Scale_Time: 0 Scale: 1 1 1
Scale_Time: 33.3333 Scale: 1 1 1
Scale_Time: 66.6667 Scale: 1 1 1
Scale_Time: 166.667 Scale: 1 1 1
Scale_Time: 233.333 Scale: 1 1 1
Scale_Time: 266.667 Scale: 1 1 1
Scale_Time: 300 Scale: 1 1 1
Scale_Time: 333.333 Scale: 1 1 1
Scale_Time: 366.667 Scale: 1 1 1
Scale_Time: 400 Scale: 1 1 1
Scale_Time: 433.333 Scale: 1 1 1
Scale_Time: 466.667 Scale: 1 1 1
Scale_Time: 500 Scale: 1 1 1
Scale_Time: 566.667 Scale: 1 1 1
Scale_Time: 600 Scale: 1 1 1
Scale_Time: 633.333 Scale: 1 1 1
Scale_Time: 666.667 Scale: 1 1 1
Scale_Time: 700 Scale: 1 1 1
Scale_Time: 733.333 Scale: 1 1 1
Scale_Time: 766.667 Scale: 1 1 1
Scale_Time: 833.333 Scale: 1 1 1
Scale_Time: 866.667 Scale: 1 1 1
Scale_Time: 900 Scale: 1 1 1
Scale_Time: 933.333 Scale: 1 1 1
Scale_Time: 966.667 Scale: 1 1 1
Scale_Time: 1000 Scale: 1 1 1
Scale_Time: 1033.33 Scale: 1 1 1
Rotate_Time: 0 Rotation: -0.108451 -0.162142 0.256122 0.946758
Rotate_Time: 33.3333 Rotation: -0.0989179 -0.153173 0.245645 0.952057
Rotate_Time: 66.6667 Rotation: -0.0970425 -0.158572 0.250872 0.950001
Rotate_Time: 166.667 Rotation: -0.0783684 -0.175549 0.211734 0.958232
Rotate_Time: 233.333 Rotation: -0.0682899 -0.18174 0.222601 0.955383
Rotate_Time: 266.667 Rotation: -0.0741177 -0.184297 0.264409 0.943731
Rotate_Time: 300 Rotation: -0.0737694 -0.179299 0.287112 0.938071
Rotate_Time: 333.333 Rotation: -0.0767972 -0.174351 0.294343 0.936518
Rotate_Time: 366.667 Rotation: -0.0803296 -0.168276 0.307206 0.933196
Rotate_Time: 400 Rotation: -0.0739295 -0.160349 0.308517 0.934687
Rotate_Time: 433.333 Rotation: -0.0646289 -0.151805 0.265959 0.94976
Rotate_Time: 466.667 Rotation: -0.056954 -0.148789 0.231915 0.959601
Rotate_Time: 500 Rotation: -0.0564661 -0.149773 0.228492 0.960298
Rotate_Time: 566.667 Rotation: -0.0806287 -0.150539 0.315019 0.933595
Rotate_Time: 600 Rotation: -0.0916476 -0.146089 0.368363 0.913547
Rotate_Time: 633.333 Rotation: -0.0973375 -0.136418 0.4163 0.89365
Rotate_Time: 666.667 Rotation: -0.0966326 -0.126721 0.446095 0.880683
Rotate_Time: 700 Rotation: -0.0935499 -0.118284 0.46386 0.872979
Rotate_Time: 733.333 Rotation: -0.0913922 -0.112961 0.473569 0.868689
Rotate_Time: 766.667 Rotation: -0.0913285 -0.110885 0.476241 0.867501
Rotate_Time: 833.333 Rotation: -0.0982473 -0.118145 0.465174 0.871781
Rotate_Time: 866.667 Rotation: -0.103168 -0.125434 0.426113 0.889972
Rotate_Time: 900 Rotation: -0.108886 -0.136543 0.378539 0.90896
Rotate_Time: 933.333 Rotation: -0.107459 -0.147297 0.320488 0.929539
Rotate_Time: 966.667 Rotation: -0.11195 -0.154514 0.273377 0.942792
Rotate_Time: 1000 Rotation: -0.117893 -0.157829 0.243475 0.94969
Rotate_Time: 1033.33 Rotation: -0.108451 -0.162142 0.256122 0.946757
Pos_Time: 0 Pos: 0 21.0267 -0
Pos_Time: 33.3333 Pos: 0 21.0267 -0
Pos_Time: 66.6667 Pos: 0 21.0267 -0
Pos_Time: 166.667 Pos: 0 21.0267 -0
Pos_Time: 233.333 Pos: 0 21.0267 -0
Pos_Time: 266.667 Pos: 0 21.0267 -0
Pos_Time: 300 Pos: 0 21.0267 -0
Pos_Time: 333.333 Pos: 0 21.0267 -0
Pos_Time: 366.667 Pos: 0 21.0267 -0
Pos_Time: 400 Pos: 0 21.0267 -0
Pos_Time: 433.333 Pos: 0 21.0267 -0
Pos_Time: 466.667 Pos: 0 21.0267 -0
Pos_Time: 500 Pos: 0 21.0267 -0
Pos_Time: 566.667 Pos: 0 21.0267 -0
Pos_Time: 600 Pos: 0 21.0267 -0
Pos_Time: 633.333 Pos: 0 21.0267 -0
Pos_Time: 666.667 Pos: 0 21.0267 -0
Pos_Time: 700 Pos: 0 21.0267 -0
Pos_Time: 733.333 Pos: 0 21.0267 -0
Pos_Time: 766.667 Pos: 0 21.0267 -0
Pos_Time: 833.333 Pos: 0 21.0267 -0
Pos_Time: 866.667 Pos: 0 21.0267 -0
Pos_Time: 900 Pos: 0 21.0267 -0
Pos_Time: 933.333 Pos: 0 21.0267 -0
Pos_Time: 966.667 Pos: 0 21.0267 -0
Pos_Time: 1000 Pos: 0 21.0267 -0
Pos_Time: 1033.33 Pos: 0 21.0267 -0

#5_KeyFrame
Scale_Size: 27
Rotate_Size: 27
Pos_Size: 27
Scale_Time: 0 Scale: 1 1 1
Scale_Time: 33.3333 Scale: 1 1 1
Scale_Time: 66.6667 Scale: 1 1 1
Scale_Time: 166.667 Scale: 1 1 1
Scale_Time: 233.333 Scale: 1 1 1
Scale_Time: 266.667 Scale: 1 1 1
Scale_Time: 300 Scale: 1 1 1
Scale_Time: 333.333 Scale: 1 1 1
Scale_Time: 366.667 Scale: 1 1 1
Scale_Time: 400 Scale: 1 1 1
Scale_Time: 433.333 Scale: 1 1 1
Scale_Time: 466.667 Scale: 1 1 1
Scale_Time: 500 Scale: 1 1 1
Scale_Time: 566.667 Scale: 1 1 1
Scale_Time: 600 Scale: 1 1 1
Scale_Time: 633.333 Scale: 1 1 1
Scale_Time: 666.667 Scale: 1 1 1
Scale_Time: 700 Scale: 1 1 1
Scale_Time: 733.333 Scale: 1 1 1
Scale_Time: 766.667 Scale: 1 1 1
Scale_Time: 833.333 Scale: 1 1 1
Scale_Time: 866.667 Scale: 1 1 1
Scale_Time: 900 Scale: 1 1 1
Scale_Time: 933.333 Scale: 1 1 1
Scale_Time: 966.667 Scale: 1 1 1
Scale_Time: 1000 Scale: 1 1 1
Scale_Time: 1033.33 Scale: 1 1 1
Rotate_Time: 0 Rotation: 0.0855697 -0.185058 0.0492516 0.977755
Rotate_Time: 33.3333 Rotation: 0.0772216 -0.203269 0.056681 0.974426
Rotate_Time: 66.6667 Rotation: 0.0775176 -0.192845 0.0538178 0.976681
Rotate_Time: 166.667 Rotation: 0.0667152 -0.210842 0.0806107 0.971904
Rotate_Time: 233.333 Rotation: 0.0293258 -0.246062 0.0194673 0.968615
Rotate_Time: 266.667 Rotation: 0.00940982 -0.243293 -0.0454153 0.968843
Rotate_Time: 300 Rotation: -0.00292195 -0.234332 -0.08965 0.96801
Rotate_Time: 333.333 Rotation: -0.0135688 -0.235202 -0.127943 0.963393
Rotate_Time: 366.667 Rotation: -0.0239546 -0.237548 -0.158986 0.957977
Rotate_Time: 400 Rotation: -0.0299599 -0.232517 -0.164875 0.958047
Rotate_Time: 433.333 Rotation: -0.023446 -0.236524 -0.13616 0.961752
Rotate_Time: 466.667 Rotation: -0.0170882 -0.232134 -0.102686 0.967097
Rotate_Time: 500 Rotation: -0.0159671 -0.218309 -0.0772355 0.972688
Rotate_Time: 566.667 Rotation: -0.0232572 -0.175062 -0.0636567 0.982222
Rotate_Time: 600 Rotation: -0.0241741 -0.15478 -0.0660226 0.985444
Rotate_Time: 633.333 Rotation: -0.0175236 -0.136891 -0.0671223 0.988154
Rotate_Time: 666.667 Rotation: -0.00292895 -0.123146 -0.0611019 0.990501
Rotate_Time: 700 Rotation: 0.0218487 -0.11726 -0.0445753 0.99186
Rotate_Time: 733.333 Rotation: 0.0546634 -0.116693 -0.0190115 0.99148
Rotate_Time: 766.667 Rotation: 0.0846142 -0.120044 0.00717996 0.98913
Rotate_Time: 833.333 Rotation: 0.120687 -0.119435 0.0402009 0.984659
Rotate_Time: 866.667 Rotation: 0.127236 -0.118105 0.0497236 0.98356
Rotate_Time: 900 Rotation: 0.126899 -0.114597 0.0492549 0.984042
Rotate_Time: 933.333 Rotation: 0.122368 -0.112267 0.0507258 0.984809
Rotate_Time: 966.667 Rotation: 0.112071 -0.130514 0.0495074 0.983847
Rotate_Time: 1000 Rotation: 0.0995372 -0.166176 0.0496297 0.979803
Rotate_Time: 1033.33 Rotation: 0.0855698 -0.185058 0.0492514 0.977755
Pos_Time: 0 Pos: 0 30.839 -0
Pos_Time: 33.3333 Pos: 0 30.839 -0
Pos_Time: 66.6667 Pos: 0 30.839 -0
Pos_Time: 166.667 Pos: 0 30.839 -0
Pos_Time: 233.333 Pos: 0 30.839 -0
Pos_Time: 266.667 Pos: 0 30.839 -0
Pos_Time: 300 Pos: 0 30.839 -0
Pos_Time: 333.333 Pos: 0 30.839 -0
Pos_Time: 366.667 Pos: 0 30.839 -0
Pos_Time: 400 Pos: 0 30.839 -0
Pos_Time: 433.333 Pos: 0 30.839 -0
Pos_Time: 466.667 Pos: 0 30.839 -0
Pos_Time: 500 Pos: 0 30.839 -0
Pos_Time: 566.667 Pos: 0 30.839 -0
Pos_Time: 600 Pos: 0 30.839 -0
Pos_Time: 633.333 Pos: 0 30.839 -0
Pos_Time: 666.667 Pos: 0 30.839 -0
Pos_Time: 700 Pos: 0 30.839 -0
Pos_Time: 733.333 Pos: 0 30.839 -0
Pos_Time: 766.667 Pos: 0 30.839 -0
Pos_Time: 833.333 Pos: 0 30.839 -0
Pos_Time: 866.667 Pos: 0 30.839 -0
Pos_Time: 900 Pos: 0 30.839 -0
Pos_Time: 933.333 Pos: 0 30.839 -0
Pos_Time: 966.667 Pos: 0 30.839 -0
Pos_Time: 1000 Pos: 0 30.839 -0
Pos_Time: 1033.33 Pos: 0 30.839 -0

#6_KeyFrame
Scale_Size: 27
Rotate_Size: 27
Pos_Size: 27
Scale_Time: 0 Scale: 1 1 1
Scale_Time: 33.3333 Scale: 1 1 1
Scale_Time: 66.6667 Scale: 1 1 1
Scale_Time: 166.667 Scale: 1 1 1
Scale_Time: 233.333 Scale: 1 1 1
Scale_Time: 266.667 Scale: 1 1 1
Scale_Time: 300 Scale: 1 1 1
Scale_Time: 333.333 Scale: 1 1 1
Scale_Time: 366.667 Scale: 1 1 1
Scale_Time: 400 Scale: 1 1 1
Scale_Time: 433.333 Scale: 1 1 1
Scale_Time: 466.667 Scale: 1 1 1
Scale_Time: 500 Scale: 1 1 1
Scale_Time: 566.667 Scale: 1 1 1
Scale_Time: 600 Scale: 1 1 1
Scale_Time: 633.333 Scale: 1 1 1
Scale_Time: 666.667 Scale: 1 1 1
Scale_Time: 700 Scale: 1 1 1
Scale_Time: 733.333 Scale: 1 1 1
Scale_Time: 766.667 Scale: 1 1 1
Scale_Time: 833.333 Scale: 1 1 1
Scale_Time: 866.667 Scale: 1 1 1
Scale_Time: 900 Scale: 1 1 1
Scale_Time: 933.333 Scale: 1 1 1
Scale_Time: 966.667 Scale: 1 1 1
Scale_Time: 1000 Scale: 1 1 1
Scale_Time: 1033.33 Scale: 1 1 1
Rotate_Time: 0 Rotation: -0.344268 -0.0123914 0.0752461 0.935769
Rotate_Time: 33.3333 Rotation: -0.331629 -0.0122526 0.0769747 0.940185
Rotate_Time: 66.6667 Rotation: -0.316934 -0.0120392 0.0786583 0.945103
Rotate_Time: 166.667 Rotation: -0.273411 -0.0118749 0.0835156 0.958191
Rotate_Time: 233.333 Rotation: -0.258164 -0.0128318 0.0868021 0.962108
Rotate_Time: 266.667 Rotation: -0.259939 -0.0138564 0.0886273 0.96145
Rotate_Time: 300 Rotation: -0.274438 -0.0156106 0.0908863 0.957173
Rotate_Time: 333.333 Rotation: -0.292354 -0.017384 0.093009 0.951618
Rotate_Time: 366.667 Rotation: -0.301904 -0.0183736 0.0942984 0.948485
Rotate_Time: 400 Rotation: -0.305417 -0.0188966 0.0951588 0.947263
Rotate_Time: 433.333 Rotation: -0.306305 -0.0192378 0.0958749 0.946898
Rotate_Time: 466.667 Rotation: -0.305035 -0.0194205 0.0964401 0.947247
Rotate_Time: 500 Rotation: -0.302074 -0.0194659 0.0968489 0.948152
Rotate_Time: 566.667 Rotation: -0.292932 -0.0192196 0.0971769 0.950988
Rotate_Time: 600 Rotation: -0.287681 -0.0189596 0.097089 0.952604
Rotate_Time: 633.333 Rotation: -0.282603 -0.0186275 0.0968294 0.954156
Rotate_Time: 666.667 Rotation: -0.278168 -0.0182361 0.0963969 0.955509
Rotate_Time: 700 Rotation: -0.274852 -0.0178 0.0957888 0.956538
Rotate_Time: 733.333 Rotation: -0.273129 -0.0173346 0.0950029 0.957118
Rotate_Time: 766.667 Rotation: -0.273472 -0.016859 0.094034 0.957124
Rotate_Time: 833.333 Rotation: -0.283596 -0.0157448 0.0908921 0.954497
Rotate_Time: 866.667 Rotation: -0.294674 -0.0149215 0.0880431 0.951416
Rotate_Time: 900 Rotation: -0.307789 -0.0140856 0.0846994 0.947572
Rotate_Time: 933.333 Rotation: -0.321094 -0.0133635 0.0812859 0.943458
Rotate_Time: 966.667 Rotation: -0.332783 -0.0128278 0.0782556 0.939663
Rotate_Time: 1000 Rotation: -0.341089 -0.012503 0.0760817 0.936864
Rotate_Time: 1033.33 Rotation: -0.344268 -0.0123913 0.0752462 0.935769
Pos_Time: 0 Pos: -4.3203 10.6382 0.5629
Pos_Time: 33.3333 Pos: -4.3203 10.6382 0.5629
Pos_Time: 66.6667 Pos: -4.3203 10.6382 0.5629
Pos_Time: 166.667 Pos: -4.3203 10.6382 0.5629
Pos_Time: 233.333 Pos: -4.3203 10.6382 0.5629
Pos_Time: 266.667 Pos: -4.3203 10.6382 0.5629
Pos_Time: 300 Pos: -4.3203 10.6382 0.5629
Pos_Time: 333.333 Pos: -4.3203 10.6382 0.5629
Pos_Time: 366.667 Pos: -4.3203 10.6382 0.5629
Pos_Time: 400 Pos: -4.3203 10.6382 0.5629
Pos_Time: 433.333 Pos: -4.3203 10.6382 0.5629
Pos_Time: 466.667 Pos: -4.3203 10.6382 0.5629
Pos_Time: 500 Pos: -4.3203 10.6382 0.5629
Pos_Time: 566.667 Pos: -4.3203 10.6382 0.5629
Pos_Time: 600 Pos: -4.3203 10.6382 0.5629
Pos_Time: 633.333 Pos: -4.3203 10.6382 0.5629
Pos_Time: 666.667 Pos: -4.3203 10.6382 0.5629
Pos_Time: 700 Pos: -4.3203 10.6382 0.5629
Pos_Time: 733.333 Pos: -4.3203 10.6382 0.5629
Pos_Time: 766.667 Pos: -4.3203 10.6382 0.5629
Pos_Time: 833.333 Pos: -4.3203 10.6382 0.5629
Pos_Time: 866.667 Pos: -4.3203 10.6382 0.5629
Pos_Time: 900 Pos: -4.3203 10.6382 0.5629
Pos_Time: 933.333 Pos: -4.3203 10.6382 0.5629
Pos_Time: 966.667 Pos: -4.3203 10.6382 0.5629
Pos_Time: 1000 Pos: -4.3203 10.6382 0.5629
Pos_Time: 1033.33 Pos: -4.3203 10.6382 0.5629

#7_KeyFrame
Scale_Size: 27
Rotate_Size: 27
Pos_Size: 27
Scale_Time: 0 Scale: 1 1 1
Scale_Time: 33.3333 Scale: 1 1 1
Scale_Time: 66.6667 Scale: 1 1 1
Scale_Time: 166.667 Scale: 1 1 1
Scale_Time: 233.333 Scale: 1 1 1
Scale_Time: 266.667 Scale: 1 1 1
Scale_Time: 300 Scale: 1 1 1
Scale_Time: 333.333 Scale: 1 1 1
Scale_Time: 366.667 Scale: 1 1 1
Scale_Time: 400 Scale: 1 1 1
Scale_Time: 433.333 Scale: 1 1 1
Scale_Time: 466.667 Scale: 1 1 1
Scale_Time: 500 Scale: 1 1 1
Scale_Time: 566.667 Scale: 1 1 1
Scale_Time: 600 Scale: 1 1 1
Scale_Time: 633.333 Scale: 1 1 1
Scale_Time: 666.667 Scale: 1 1 1
Scale_Time: 700 Scale: 1 1 1
Scale_Time: 733.333 Scale: 1 1 1
Scale_Time: 766.667 Scale: 1 1 1
Scale_Time: 833.333 Scale: 1 1 1
Scale_Time: 866.667 Scale: 1 1 1
Scale_Time: 900 Scale: 1 1 1
Scale_Time: 933.333 Scale: 1 1 1
Scale_Time: 966.667 Scale: 1 1 1
Scale_Time: 1000 Scale: 1 1 1
Scale_Time: 1033.33 Scale: 1 1 1
Rotate_Time: 0 Rotation: -0.657305 0.0152081 0.0293684 0.752898
Rotate_Time: 33.3333 Rotation: -0.637229 0.0146079 0.0272346 0.770055
Rotate_Time: 66.6667 Rotation: -0.614682 0.0139372 0.0248713 0.78826
Rotate_Time: 166.667 Rotation: -0.54512 0.0118898 0.0177751 0.838085
Rotate_Time: 233.333 Rotation: -0.5119 0.0109221 0.0144794 0.858854
Rotate_Time: 266.667 Rotation: -0.504962 0.0107209 0.013798 0.862965
Rotate_Time: 300 Rotation: -0.510352 0.0108772 0.0143271 0.859777
Rotate_Time: 333.333 Rotation: -0.521152 0.011191 0.0153916 0.853252
Rotate_Time: 366.667 Rotation: -0.528244 0.0113975 0.0160938 0.848863
Rotate_Time: 400 Rotation: -0.53229 0.0115152 0.0164954 0.846323
Rotate_Time: 433.333 Rotation: -0.535354 0.0116046 0.0168003 0.844381
Rotate_Time: 466.667 Rotation: -0.537676 0.0116724 0.0170315 0.842899
Rotate_Time: 500 Rotation: -0.539486 0.0117252 0.017212 0.841737
Rotate_Time: 566.667 Rotation: -0.5425 0.0118133 0.0175131 0.83979
Rotate_Time: 600 Rotation: -0.544161 0.0118618 0.0176794 0.83871
Rotate_Time: 633.333 Rotation: -0.546229 0.0119223 0.0178861 0.83736
Rotate_Time: 666.667 Rotation: -0.548931 0.0120011 0.0181568 0.835584
