***************Animation_File_Header***************
#Nodes: 58
#KeyFrames: 38
#Duration: 4000
#TicksPerSecond: 30
#GlobalInverseTransform: 1 -0 0 0 -0 1 0 0 0 -0 1 0 0 -0 0 1 
#RootBoneName: mixamorig1:Hips
#RootBoneIndex: 1

***********************Nodes***********************
#0_Matrix: 1 0 -0 0 0 1 -0 0 -0 -0 1 -0 0 0 -0 1 
#1_Matrix: 1 0 -0 0 0 1 -0 0 -0 -0 1 -0 0 58.2716 -0 1 
#2_Matrix: 1 0 -0 0 0 0.99945 0.0331744 0 -0 -0.0331744 0.99945 -0 0 7.7421 0.257 1 
#3_Matrix: 1 0 -0 0 0 1 -0 0 -0 -0 1 -0 0 9.0375 -0 1 
#4_Matrix: 1 0 -0 0 0 1 -0 0 -0 -0 1 -0 0 10.3285 -0 1 
#5_Matrix: 1 0 -0 0 0 0.99945 -0.0331744 0 -0 0.0331744 0.99945 -0 0 11.6196 -0 1 
#6_Matrix: 1 0 -0 0 0 1 -0 0 -0 -0 1 -0 0 17.535 -1.1031 1 
#7_Matrix: 1 0 -0 0 0 1 -0 0 -0 -0 1 -0 0 43.559 -2.7403 1 
#8_Matrix: -0.0094892 -0.000142206 0.999955 0 0.93837 -0.345519 0.00885564 0 0.345502 0.938412 0.00341214 -0 4.8535 9.7608 0.0481 1 
#9_Matrix: 0.999932 0.00655165 0.00966931 0 -0.00948928 0.93837 0.345502 0 -0.00680978 -0.34557 0.938368 -0 0 10.4392 -0 1 
#10_Matrix: 0.999997 -1.30676e-08 -0.0025577 0 6.98492e-10 1 -0 0 0.0025577 7.45058e-09 0.999997 -0 0 16.8656 -0 1 
#11_Matrix: 0.99998 -0.00612923 0.00122811 0 0.0061337 0.999974 -0.00366654 0 -0.00120562 0.003674 0.999993 -0 0 21.1326 -0 1 
#12_Matrix: 0.694833 0.718986 -0.0163247 0 -0.640634 0.608479 -0.468338 0 -0.326795 0.335875 0.883398 -0 -2.6652 3.8611 -1.4899 1 
#13_Matrix: 0.856963 -0.515378 -0.000256964 0 0.515378 0.856963 -7.39135e-05 0 0.000258302 -6.90985e-05 1 -0 1.0176 3.8043 -0 1 
#14_Matrix: 0.960026 0.279593 -0.0133256 0 -0.279617 0.960111 4.41894e-05 0 0.0128064 0.00368364 0.999911 -0 -1.0257 3.5659 -0 1 
#15_Matrix: 1 0 -0 0 0 1 -0 0 -0 -0 1 -0 0.0082 2.4731 -0 1 
#16_Matrix: 0.99993 0.00614002 -0.0101472 0 -0.00610298 0.999974 0.00367373 0 0.0101695 -0.00361155 0.999942 -0 -3.1464 11.1647 -0.1278 1 
#17_Matrix: 1 -0.000198135 2.74825e-06 0 0.000198135 1 -0 0 -2.74825e-06 1.86265e-09 1 -0 -0.0001 3.8086 -0 1 
#18_Matrix: 1 0.00060565 4.32623e-06 0 -0.00060565 1 -0 0 -4.32623e-06 -0 1 -0 -0.0008 3.5652 -0 1 
#19_Matrix: 1 0 -0 0 0 1 -0 0 -0 -0 1 -0 0.0009 2.3606 -0 1 
#20_Matrix: 0.999987 0.0051875 6.35535e-05 0 -0.0051877 0.99998 0.00367407 0 -4.4493e-05 -0.00367435 0.999993 -0 -0.0694 11.3225 0.0416 1 
#21_Matrix: 0.999999 0.00130379 1.88293e-05 0 -0.00130379 0.999999 -0 0 -1.88292e-05 -2.23517e-08 1 -0 -0.0036 3.8235 -0 1 
#22_Matrix: 1 0.000493022 -1.79168e-05 0 -0.000493022 1 1.49012e-08 0 1.79168e-05 -5.58794e-09 1 -0 0.0014 3.8648 -0 1 
#23_Matrix: 1 0 -0 0 0 1 -0 0 -0 -0 1 -0 0.0022 2.5723 -0 1 
#24_Matrix: 0.99995 0.00138121 -0.00985854 0 -0.0013455 0.999993 0.00362688 0 0.00986347 -0.00361344 0.999945 -0 3.2158 10.6964 0.0519 1 
#25_Matrix: 0.999987 0.00500279 0.000255666 0 -0.00500279 0.999987 -5.96046e-08 0 -0.000255663 -1.22935e-06 1 -0 -0.0166 3.4699 -0 1 
#26_Matrix: 0.999977 0.00672665 -0.000544794 0 -0.00672665 0.999977 3.78489e-06 0 0.000544807 -1.3411e-07 1 -0 0.0007 3.1986 -0 1 
#27_Matrix: 1 0 -0 0 0 1 -0 0 -0 -0 1 -0 0.0159 2.2892 -0 1 
#28_Matrix: -0.0150754 0.000206233 -0.999886 0 -0.93837 -0.345345 0.0140767 0 -0.345303 0.938476 0.00539973 -0 -4.8535 9.7617 0.0753 1 
#29_Matrix: 0.999881 -0.0129923 -0.00834609 0 0.0150753 0.93837 0.345303 0 0.00334546 -0.345388 0.938454 -0 0 10.4392 -0 1 
#30_Matrix: 0.999997 -3.37604e-09 0.00235283 0 2.73576e-09 1 7.45058e-09 0 -0.00235283 -0 0.999997 -0 0 16.8632 -0 1 
#31_Matrix: 0.999658 0.00833273 -0.0247768 0 -0.00844477 0.999955 -0.00442058 0 0.0247388 0.00462829 0.999683 -0 0 21.1323 -0 1 
#32_Matrix: 0.685374 -0.727172 0.0385103 0 0.660426 0.598446 -0.453542 0 0.306757 0.336279 0.890403 -0 2.4265 3.9484 -1.4341 1 
#33_Matrix: 0.819038 0.573732 0.00277964 0 -0.573732 0.819042 -0.000973679 0 -0.00283528 -0.000797287 0.999996 -0 -1.0506 3.7361 -0 1 
#34_Matrix: 0.914482 -0.404566 0.00702312 0 0.404573 0.914506 0.000560075 0 -0.00664927 0.00232918 0.999975 -0 1.2532 3.5776 -0 1 
#35_Matrix: 1 0 -0 0 0 1 -0 0 -0 -0 1 -0 -0.2026 2.5405 -0 1 
#36_Matrix: 0.99991 -0.00494346 0.0124464 0 0.0048867 0.999978 0.00458543 0 -0.0124688 -0.0045242 0.999912 -0 3.0287 10.9763 -0.1857 1 
#37_Matrix: 0.999998 0.00213941 -0.000143588 0 -0.00213941 0.999998 8.00937e-07 0 0.000143589 -4.91738e-07 1 -0 0.0136 3.9462 -0 1 
#38_Matrix: 0.999801 -0.0198935 -0.00172165 0 0.0198935 0.999802 -2.45571e-05 0 0.0017218 -9.62615e-06 0.999999 -0 0.02 3.5805 -0 1 
#39_Matrix: 1 0 -0 0 0 1 -0 0 -0 -0 1 -0 -0.0336 2.348 -0 1 
#40_Matrix: 0.999962 -0.00865245 -0.000759457 0 0.00865587 0.999952 0.00462805 0 0.000719376 -0.00463445 0.999989 -0 0.0929 11.1483 0.0516 1 
#41_Matrix: 1 0.000323158 6.73393e-06 0 -0.000323158 1 -0 0 -6.73393e-06 -3.72529e-09 1 -0 -0.0013 4.0228 -0 1 
#42_Matrix: 1 0.000496354 -1.34925e-05 0 -0.000496354 1 7.45058e-09 0 1.34925e-05 -3.72529e-09 1 -0 0 3.8249 -0 1 
#43_Matrix: 1 0 -0 0 0 1 -0 0 -0 -0 1 -0 0.0013 2.6191 -0 1 
#44_Matrix: 0.999901 -0.00948577 -0.0103455 0 0.00953392 0.999944 0.00461587 0 0.0103011 -0.00471406 0.999936 -0 -3.1216 10.586 -0.1288 1 
#45_Matrix: 0.999998 -0.00200958 9.47739e-05 0 0.00200958 0.999998 3.05474e-07 0 -9.47743e-05 -1.15484e-07 1 -0 -0.0041 3.4128 -0 1 
#46_Matrix: 0.99995 0.0100323 0.000553182 0 -0.0100323 0.99995 -3.78489e-06 0 -0.000553192 -1.78814e-06 1 -0 -0.0106 3.3012 -0 1 
#47_Matrix: 1 0 -0 0 0 1 -0 0 -0 -0 1 -0 0.0147 2.1549 -0 1 
#48_Matrix: -0.999933 -0.0115707 -0.000120428 0 0.0115711 -0.999926 -0.00386589 0 -7.56875e-05 -0.00386703 0.999993 -0 9.7992 -4.2996 -0.1502 1 
#49_Matrix: 0.99971 -0.0240727 -0 0 0.0240703 0.999609 -0.0142205 0 0.000342326 0.0142163 0.999899 -0 0 21.6998 -0 1 
#50_Matrix: 0.998497 0.0197339 -0.0511284 0 -0.0514607 0.658486 -0.750832 0 0.0188505 0.752334 0.658512 -0 0 20.0861 -0 1 
#51_Matrix: 0.999031 0 -0.0440135 0 -0.0286805 0.758537 -0.650998 0 0.0333858 0.65163 0.757802 -0 0 17.9698 -0 1 
#52_Matrix: 1 0 -0 0 0 1 -0 0 -0 -0 1 -0 0 7.2092 -0 1 
#53_Matrix: -0.999933 0.0115686 0.000280998 0 -0.0115706 -0.999893 -0.00899007 0 0.000176966 -0.00899272 0.99996 -0 -9.7992 -4.2996 -0.0259 1 
#54_Matrix: 0.99971 0.024071 -0 0 -0.0240707 0.999699 -0.0047944 0 -0.000115406 0.00479301 0.999988 -0 0 21.7005 -0 1 
#55_Matrix: 0.998503 -0.0197361 0.0510058 0 0.0514461 0.655412 -0.753517 0 -0.0185583 0.755013 0.655447 -0 0 20.0847 -0 1 
#56_Matrix: 0.999074 0 0.0430248 0 0.0280397 0.758468 -0.651107 0 -0.0326329 0.651711 0.757765 -0 0 17.9654 -0 1 
#57_Matrix: 1 0 -0 0 0 1 -0 0 -0 -0 1 -0 0 7.2826 -0 1 

**********************Parents**********************
#0_Parents: -1
#1_Parents: 0
#2_Parents: 1
#3_Parents: 2
#4_Parents: 3
#5_Parents: 4
#6_Parents: 5
#7_Parents: 6
#8_Parents: 4
#9_Parents: 8
#10_Parents: 9
#11_Parents: 10
#12_Parents: 11
#13_Parents: 12
#14_Parents: 13
#15_Parents: 14
#16_Parents: 11
#17_Parents: 16
#18_Parents: 17
#19_Parents: 18
#20_Parents: 11
#21_Parents: 20
#22_Parents: 21
#23_Parents: 22
#24_Parents: 11
#25_Parents: 24
#26_Parents: 25
#27_Parents: 26
#28_Parents: 4
#29_Parents: 28
#30_Parents: 29
#31_Parents: 30
#32_Parents: 31
#33_Parents: 32
#34_Parents: 33
#35_Parents: 34
#36_Parents: 31
#37_Parents: 36
#38_Parents: 37
#39_Parents: 38
#40_Parents: 31
#41_Parents: 40
#42_Parents: 41
#43_Parents: 42
#44_Parents: 31
#45_Parents: 44
#46_Parents: 45
#47_Parents: 46
#48_Parents: 1
#49_Parents: 48
#50_Parents: 49
#51_Parents: 50
#52_Parents: 51
#53_Parents: 1
#54_Parents: 53
#55_Parents: 54
#56_Parents: 55
#57_Parents: 56

********************BoneIndices********************
#0_BoneIndex: -1
#1_BoneIndex: 15
#2_BoneIndex: 14
#3_BoneIndex: 7
#4_BoneIndex: 2
#5_BoneIndex: 0
#6_BoneIndex: 1
#7_BoneIndex: -1
#8_BoneIndex: 3
#9_BoneIndex: 6
#10_BoneIndex: 8
#11_BoneIndex: 9
#12_BoneIndex: 26
#13_BoneIndex: 27
#14_BoneIndex: 28
#15_BoneIndex: -1
#16_BoneIndex: 29
#17_BoneIndex: 31
#18_BoneIndex: 34
#19_BoneIndex: -1
#20_BoneIndex: 25
#21_BoneIndex: 32
#22_BoneIndex: 35
#23_BoneIndex: -1
#24_BoneIndex: 10
#25_BoneIndex: 30
#26_BoneIndex: 33
#27_BoneIndex: -1
#28_BoneIndex: 4
#29_BoneIndex: 5
#30_BoneIndex: 11
#31_BoneIndex: 12
#32_BoneIndex: 36
#33_BoneIndex: 38
#34_BoneIndex: 41
#35_BoneIndex: -1
#36_BoneIndex: 37
#37_BoneIndex: 40
#38_BoneIndex: 44
#39_BoneIndex: -1
#40_BoneIndex: 13
#41_BoneIndex: 42
#42_BoneIndex: 45
#43_BoneIndex: -1
#44_BoneIndex: 16
#45_BoneIndex: 39
#46_BoneIndex: 43
#47_BoneIndex: -1
#48_BoneIndex: 18
#49_BoneIndex: 19
#50_BoneIndex: 20
#51_BoneIndex: 21
#52_BoneIndex: -1
#53_BoneIndex: 17
#54_BoneIndex: 22
#55_BoneIndex: 23
#56_BoneIndex: 24
#57_BoneIndex: -1

******************KeyFrameIndices******************
#0_KeyFrameIndex: -1
#1_KeyFrameIndex: 1
#2_KeyFrameIndex: 35
#3_KeyFrameIndex: 36
#4_KeyFrameIndex: 37
#5_KeyFrameIndex: 18
#6_KeyFrameIndex: 0
#7_KeyFrameIndex: -1
#8_KeyFrameIndex: 15
#9_KeyFrameIndex: 2
#10_KeyFrameIndex: 4
#11_KeyFrameIndex: 5
#12_KeyFrameIndex: 12
#13_KeyFrameIndex: 13
#14_KeyFrameIndex: -1
#15_KeyFrameIndex: -1
#16_KeyFrameIndex: 6
#17_KeyFrameIndex: 7
#18_KeyFrameIndex: -1
#19_KeyFrameIndex: -1
#20_KeyFrameIndex: 8
#21_KeyFrameIndex: 9
#22_KeyFrameIndex: -1
#23_KeyFrameIndex: -1
#24_KeyFrameIndex: 10
#25_KeyFrameIndex: 11
#26_KeyFrameIndex: -1
#27_KeyFrameIndex: -1
#28_KeyFrameIndex: 32
#29_KeyFrameIndex: 19
#30_KeyFrameIndex: 21
#31_KeyFrameIndex: 22
#32_KeyFrameIndex: 29
#33_KeyFrameIndex: 30
#34_KeyFrameIndex: -1
#35_KeyFrameIndex: -1
#36_KeyFrameIndex: 23
#37_KeyFrameIndex: 24
#38_KeyFrameIndex: -1
#39_KeyFrameIndex: -1
#40_KeyFrameIndex: 25
#41_KeyFrameIndex: 26
#42_KeyFrameIndex: -1
#43_KeyFrameIndex: -1
#44_KeyFrameIndex: 27
#45_KeyFrameIndex: 28
#46_KeyFrameIndex: -1
#47_KeyFrameIndex: -1
#48_KeyFrameIndex: 17
#49_KeyFrameIndex: 14
#50_KeyFrameIndex: 3
#51_KeyFrameIndex: 16
#52_KeyFrameIndex: -1
#53_KeyFrameIndex: 34
#54_KeyFrameIndex: 31
#55_KeyFrameIndex: 20
#56_KeyFrameIndex: 33
#57_KeyFrameIndex: -1

*********************KeyFrames*********************
#0_KeyFrame
Scale_Size: 121
Rotate_Size: 121
Pos_Size: 121
Scale_Time: 0 Scale: 1 1 1
Scale_Time: 33.3333 Scale: 1 1 1
Scale_Time: 66.6667 Scale: 1 1 1
Scale_Time: 100 Scale: 1 1 1
Scale_Time: 133.333 Scale: 1 1 1
Scale_Time: 166.667 Scale: 1 1 1
Scale_Time: 200 Scale: 1 1 1
Scale_Time: 233.333 Scale: 1 1 1
Scale_Time: 266.667 Scale: 1 1 1
Scale_Time: 300 Scale: 1 1 1
Scale_Time: 333.333 Scale: 1 1 1
Scale_Time: 366.667 Scale: 1 1 1
Scale_Time: 400 Scale: 1 1 1
Scale_Time: 433.333 Scale: 1 1 1
Scale_Time: 466.667 Scale: 1 1 1
Scale_Time: 500 Scale: 1 1 1
Scale_Time: 533.333 Scale: 1 1 1
Scale_Time: 566.667 Scale: 1 1 1
Scale_Time: 600 Scale: 1 1 1
Scale_Time: 633.333 Scale: 1 1 1
Scale_Time: 666.667 Scale: 1 1 1
Scale_Time: 700 Scale: 1 1 1
Scale_Time: 733.333 Scale: 1 1 1
Scale_Time: 766.667 Scale: 1 1 1
Scale_Time: 800 Scale: 1 1 1
Scale_Time: 833.333 Scale: 1 1 1
Scale_Time: 866.667 Scale: 1 1 1
Scale_Time: 900 Scale: 1 1 1
Scale_Time: 933.333 Scale: 1 1 1
Scale_Time: 966.667 Scale: 1 1 1
Scale_Time: 1000 Scale: 1 1 1
Scale_Time: 1033.33 Scale: 1 1 1
Scale_Time: 1066.67 Scale: 1 1 1
Scale_Time: 1100 Scale: 1 1 1
Scale_Time: 1133.33 Scale: 1 1 1
Scale_Time: 1166.67 Scale: 1 1 1
Scale_Time: 1200 Scale: 1 1 1
Scale_Time: 1233.33 Scale: 1 1 1
Scale_Time: 1266.67 Scale: 1 1 1
Scale_Time: 1300 Scale: 1 1 1
Scale_Time: 1333.33 Scale: 1 1 1
Scale_Time: 1366.67 Scale: 1 1 1
Scale_Time: 1400 Scale: 1 1 1
Scale_Time: 1433.33 Scale: 1 1 1
Scale_Time: 1466.67 Scale: 1 1 1
Scale_Time: 1500 Scale: 1 1 1
Scale_Time: 1533.33 Scale: 1 1 1
Scale_Time: 1566.67 Scale: 1 1 1
Scale_Time: 1600 Scale: 1 1 1
Scale_Time: 1633.33 Scale: 1 1 1
Scale_Time: 1666.67 Scale: 1 1 1
Scale_Time: 1700 Scale: 1 1 1
Scale_Time: 1733.33 Scale: 1 1 1
Scale_Time: 1766.67 Scale: 1 1 1
Scale_Time: 1800 Scale: 1 1 1
Scale_Time: 1833.33 Scale: 1 1 1
Scale_Time: 1866.67 Scale: 1 1 1
Scale_Time: 1900 Scale: 1 1 1
Scale_Time: 1933.33 Scale: 1 1 1
Scale_Time: 1966.67 Scale: 1 1 1
Scale_Time: 2000 Scale: 1 1 1
Scale_Time: 2033.33 Scale: 1 1 1
Scale_Time: 2066.67 Scale: 1 1 1
Scale_Time: 2100 Scale: 1 1 1
Scale_Time: 2133.33 Scale: 1 1 1
Scale_Time: 2166.67 Scale: 1 1 1
Scale_Time: 2200 Scale: 1 1 1
Scale_Time: 2233.33 Scale: 1 1 1
Scale_Time: 2266.67 Scale: 1 1 1
Scale_Time: 2300 Scale: 1 1 1
Scale_Time: 2333.33 Scale: 1 1 1
Scale_Time: 2366.67 Scale: 1 1 1
Scale_Time: 2400 Scale: 1 1 1
Scale_Time: 2433.33 Scale: 1 1 1
Scale_Time: 2466.67 Scale: 1 1 1
Scale_Time: 2500 Scale: 1 1 1
Scale_Time: 2533.33 Scale: 1 1 1
Scale_Time: 2566.67 Scale: 1 1 1
Scale_Time: 2600 Scale: 1 1 1
Scale_Time: 2633.33 Scale: 1 1 1
Scale_Time: 2666.67 Scale: 1 1 1
Scale_Time: 2700 Scale: 1 1 1
Scale_Time: 2733.33 Scale: 1 1 1
Scale_Time: 2766.67 Scale: 1 1 1
Scale_Time: 2800 Scale: 1 1 1
Scale_Time: 2833.33 Scale: 1 1 1
Scale_Time: 2866.67 Scale: 1 1 1
Scale_Time: 2900 Scale: 1 1 1
Scale_Time: 2933.33 Scale: 1 1 1
Scale_Time: 2966.67 Scale: 1 1 1
Scale_Time: 3000 Scale: 1 1 1
Scale_Time: 3033.33 Scale: 1 1 1
Scale_Time: 3066.67 Scale: 1 1 1
Scale_Time: 3100 Scale: 1 1 1
Scale_Time: 3133.33 Scale: 1 1 1
Scale_Time: 3166.67 Scale: 1 1 1
Scale_Time: 3200 Scale: 1 1 1
Scale_Time: 3233.33 Scale: 1 1 1
Scale_Time: 3266.67 Scale: 1 1 1
Scale_Time: 3300 Scale: 1 1 1
Scale_Time: 3333.33 Scale: 1 1 1
Scale_Time: 3366.67 Scale: 1 1 1
Scale_Time: 3400 Scale: 1 1 1
Scale_Time: 3433.33 Scale: 1 1 1
Scale_Time: 3466.67 Scale: 1 1 1
Scale_Time: 3500 Scale: 1 1 1
Scale_Time: 3533.33 Scale: 1 1 1
Scale_Time: 3566.67 Scale: 1 1 1
Scale_Time: 3600 Scale: 1 1 1
Scale_Time: 3633.33 Scale: 1 1 1
Scale_Time: 3666.67 Scale: 1 1 1
Scale_Time: 3700 Scale: 1 1 1
Scale_Time: 3733.33 Scale: 1 1 1
Scale_Time: 3766.67 Scale: 1 1 1
Scale_Time: 3800 Scale: 1 1 1
Scale_Time: 3833.33 Scale: 1 1 1
Scale_Time: 3866.67 Scale: 1 1 1
Scale_Time: 3900 Scale: 1 1 1
Scale_Time: 3933.33 Scale: 1 1 1
Scale_Time: 3966.67 Scale: 1 1 1
Scale_Time: 4000 Scale: 1 1 1
Rotate_Time: 0 Rotation: 0.0125236 0.00367861 0.000738874 0.999915
Rotate_Time: 33.3333 Rotation: 0.0127679 0.00375509 0.000618958 0.999911
Rotate_Time: 66.6667 Rotation: 0.0129337 0.00353726 0.000368574 0.99991
Rotate_Time: 100 Rotation: 0.013205 0.00311699 0.000192933 0.999908
Rotate_Time: 133.333 Rotation: 0.0134278 0.00263511 1.28755e-05 0.999906
Rotate_Time: 166.667 Rotation: 0.0137471 0.00215239 -0.000186494 0.999903
Rotate_Time: 200 Rotation: 0.0141471 0.00127217 -0.000321508 0.999899
Rotate_Time: 233.333 Rotation: 0.0147456 -0.00019124 -0.000477461 0.999891
Rotate_Time: 266.667 Rotation: 0.0158331 -0.00201045 -0.000889988 0.999872
Rotate_Time: 300 Rotation: 0.0170543 -0.00428077 -0.0012776 0.999845
Rotate_Time: 333.333 Rotation: 0.0181744 -0.0066735 -0.00149336 0.999811
Rotate_Time: 366.667 Rotation: 0.0194073 -0.00851298 -0.00175923 0.999774
Rotate_Time: 400 Rotation: 0.0207578 -0.00960336 -0.00197469 0.999736
Rotate_Time: 433.333 Rotation: 0.0218665 -0.0106624 -0.00220071 0.999702
Rotate_Time: 466.667 Rotation: 0.0233655 -0.011958 -0.00242696 0.999653
Rotate_Time: 500 Rotation: 0.0248799 -0.0137117 -0.00276069 0.999593
Rotate_Time: 533.333 Rotation: 0.0260024 -0.0159767 -0.00261649 0.999531
Rotate_Time: 566.667 Rotation: 0.026758 -0.0171143 -0.00219118 0.999493
Rotate_Time: 600 Rotation: 0.0274715 -0.0179119 -0.00166223 0.999461
Rotate_Time: 633.333 Rotation: 0.0280636 -0.0185257 -0.000998757 0.999434
Rotate_Time: 666.667 Rotation: 0.0287113 -0.0189724 -0.000330429 0.999408
Rotate_Time: 700 Rotation: 0.029174 -0.0192513 -5.72319e-05 0.999389
Rotate_Time: 733.333 Rotation: 0.0299379 -0.019778 0.000831405 0.999356
Rotate_Time: 766.667 Rotation: 0.0302816 -0.0201819 0.00131393 0.999337
Rotate_Time: 800 Rotation: 0.0308145 -0.020401 0.0018535 0.999315
Rotate_Time: 833.333 Rotation: 0.0313535 -0.0207155 0.00252367 0.99929
Rotate_Time: 866.667 Rotation: 0.0318989 -0.0208994 0.00279173 0.999269
Rotate_Time: 900 Rotation: 0.0320947 -0.0208798 0.00341899 0.999261
Rotate_Time: 933.333 Rotation: 0.0326359 -0.0212616 0.00373118 0.999234
Rotate_Time: 966.667 Rotation: 0.0330455 -0.0215149 0.00360708 0.999216
Rotate_Time: 1000 Rotation: 0.0335581 -0.021468 0.00397246 0.999198
Rotate_Time: 1033.33 Rotation: 0.0340701 -0.0214063 0.00461416 0.99918
Rotate_Time: 1066.67 Rotation: 0.0344289 -0.0212185 0.00494176 0.99917
Rotate_Time: 1100 Rotation: 0.0343935 -0.0206491 0.00488245 0.999183
Rotate_Time: 1133.33 Rotation: 0.0340809 -0.0202923 0.00481853 0.999201
Rotate_Time: 1166.67 Rotation: 0.033629 -0.0198943 0.00435393 0.999227
Rotate_Time: 1200 Rotation: 0.033615 -0.0193818 0.00431826 0.999238
Rotate_Time: 1233.33 Rotation: 0.033593 -0.0191198 0.00403743 0.999245
Rotate_Time: 1266.67 Rotation: 0.0333694 -0.0192149 0.00366183 0.999252
Rotate_Time: 1300 Rotation: 0.0327236 -0.0188083 0.00311579 0.999283
Rotate_Time: 1333.33 Rotation: 0.0312894 -0.0166233 0.00202836 0.99937
Rotate_Time: 1366.67 Rotation: 0.0294523 -0.0106526 0.000616149 0.999509
Rotate_Time: 1400 Rotation: 0.0264559 -0.000379382 -0.000762208 0.99965
Rotate_Time: 1433.33 Rotation: 0.022086 0.0133305 -0.00199763 0.999665
Rotate_Time: 1466.67 Rotation: 0.0164761 0.027676 -0.00323537 0.999476
Rotate_Time: 1500 Rotation: 0.0114128 0.0321175 -0.00267235 0.999415
Rotate_Time: 1533.33 Rotation: 0.0074712 0.0367424 -0.00197201 0.999295
Rotate_Time: 1566.67 Rotation: 0.0041863 0.0420652 -0.000921089 0.999106
Rotate_Time: 1600 Rotation: 0.00162744 0.047615 0.000129098 0.998864
Rotate_Time: 1633.33 Rotation: -0.000647421 0.0527347 -0.000180817 0.998608
Rotate_Time: 1666.67 Rotation: -0.00247433 0.0573224 -0.000748195 0.998352
Rotate_Time: 1700 Rotation: -0.00368448 0.0615778 -0.00192527 0.998094
Rotate_Time: 1733.33 Rotation: -0.00515803 0.0660129 -0.00335588 0.9978
Rotate_Time: 1766.67 Rotation: -0.00707323 0.0700099 -0.00451167 0.997511
Rotate_Time: 1800 Rotation: -0.0093682 0.073128 -0.00537984 0.997264
Rotate_Time: 1833.33 Rotation: -0.0115761 0.0755075 -0.00571475 0.997062
Rotate_Time: 1866.67 Rotation: -0.0139033 0.0779765 -0.00568955 0.996842
Rotate_Time: 1900 Rotation: -0.0158094 0.0800523 -0.00602057 0.996647
Rotate_Time: 1933.33 Rotation: -0.0171084 0.0813686 -0.00640129 0.996517
Rotate_Time: 1966.67 Rotation: -0.0172377 0.0816106 -0.00732306 0.996488
Rotate_Time: 2000 Rotation: -0.0166473 0.0812007 -0.00834767 0.996524
Rotate_Time: 2033.33 Rotation: -0.0152629 0.0806382 -0.00917733 0.996584
Rotate_Time: 2066.67 Rotation: -0.0135454 0.0795502 -0.0104983 0.996684
Rotate_Time: 2100 Rotation: -0.0115825 0.0789517 -0.011515 0.996745
Rotate_Time: 2133.33 Rotation: -0.0100423 0.0784323 -0.0123287 0.996793
Rotate_Time: 2166.67 Rotation: -0.0086697 0.077768 -0.0130065 0.996849
Rotate_Time: 2200 Rotation: -0.00752493 0.076942 -0.0135917 0.996915
Rotate_Time: 2233.33 Rotation: -0.00682975 0.0760666 -0.0143683 0.996976
Rotate_Time: 2266.67 Rotation: -0.00622584 0.0751306 -0.0146471 0.997047
Rotate_Time: 2300 Rotation: -0.00557674 0.0743103 -0.0147874 0.99711
Rotate_Time: 2333.33 Rotation: -0.00514796 0.0735631 -0.0148606 0.997167
Rotate_Time: 2366.67 Rotation: -0.00498451 0.0729281 -0.0149481 0.997213
Rotate_Time: 2400 Rotation: -0.00445355 0.0723623 -0.0150857 0.997254
Rotate_Time: 2433.33 Rotation: -0.00372916 0.0719566 -0.0149636 0.997289
Rotate_Time: 2466.67 Rotation: -0.00299548 0.0716465 -0.0143115 0.997323
Rotate_Time: 2500 Rotation: -0.00220061 0.0714021 -0.0133566 0.997356
Rotate_Time: 2533.33 Rotation: -0.00129324 0.0712759 -0.0123417 0.997379
Rotate_Time: 2566.67 Rotation: -0.000247654 0.0712442 -0.0112137 0.997396
Rotate_Time: 2600 Rotation: 0.00048325 0.0713507 -0.00999484 0.997401
Rotate_Time: 2633.33 Rotation: 0.000713976 0.0709595 -0.00864245 0.997442
Rotate_Time: 2666.67 Rotation: 0.00108562 0.0696191 -0.00726447 0.997547
Rotate_Time: 2700 Rotation: 0.00113815 0.0671548 -0.00501623 0.997729
Rotate_Time: 2733.33 Rotation: 0.000949102 0.0635537 -0.0029627 0.997974
Rotate_Time: 2766.67 Rotation: 0.00106006 0.059806 -0.000433557 0.998209
Rotate_Time: 2800 Rotation: 0.00097499 0.0566038 0.00149365 0.998395
Rotate_Time: 2833.33 Rotation: 0.00144273 0.0537652 0.00322221 0.998547
Rotate_Time: 2866.67 Rotation: 0.00273122 0.0510278 0.0042469 0.998684
Rotate_Time: 2900 Rotation: 0.00439134 0.0480971 0.0051468 0.99882
Rotate_Time: 2933.33 Rotation: 0.00657125 0.0441635 0.00564678 0.998987
Rotate_Time: 2966.67 Rotation: 0.00860026 0.0393735 0.00566055 0.999172
Rotate_Time: 3000 Rotation: 0.0104385 0.0344738 0.00523797 0.999337
Rotate_Time: 3033.33 Rotation: 0.011503 0.0295033 0.00464968 0.999488
Rotate_Time: 3066.67 Rotation: 0.0120956 0.0250323 0.00372708 0.999606
Rotate_Time: 3100 Rotation: 0.0127472 0.021131 0.00304256 0.999691
Rotate_Time: 3133.33 Rotation: 0.0134383 0.017773 0.00242208 0.999749
Rotate_Time: 3166.67 Rotation: 0.0136323 0.0150504 0.00231283 0.999791
Rotate_Time: 3200 Rotation: 0.0138051 0.0128437 0.00178603 0.999821
Rotate_Time: 3233.33 Rotation: 0.0134611 0.0113151 0.00168316 0.999844
Rotate_Time: 3266.67 Rotation: 0.013378 0.0100673 0.00162329 0.999859
Rotate_Time: 3300 Rotation: 0.0132863 0.00897021 0.00144104 0.99987
Rotate_Time: 3333.33 Rotation: 0.0131387 0.00852064 0.000940958 0.999877
Rotate_Time: 3366.67 Rotation: 0.0128201 0.00855407 0.000487931 0.999881
Rotate_Time: 3400 Rotation: 0.0124393 0.00827242 2.30553e-05 0.999888
Rotate_Time: 3433.33 Rotation: 0.0115367 0.0077167 -0.00116854 0.999903
Rotate_Time: 3466.67 Rotation: 0.0113034 0.00739364 -0.00236657 0.999906
Rotate_Time: 3500 Rotation: 0.0116052 0.0071455 -0.0034379 0.999901
Rotate_Time: 3533.33 Rotation: 0.0119478 0.00706209 -0.00349613 0.999898
Rotate_Time: 3566.67 Rotation: 0.0120516 0.00700169 -0.0031478 0.999898
Rotate_Time: 3600 Rotation: 0.0121389 0.00692371 -0.00279667 0.999898
Rotate_Time: 3633.33 Rotation: 0.0123896 0.00686674 -0.00205009 0.999898
Rotate_Time: 3666.67 Rotation: 0.0125379 0.00681156 -0.00131344 0.999897
Rotate_Time: 3700 Rotation: 0.0125441 0.00665573 -0.000763968 0.999899
Rotate_Time: 3733.33 Rotation: 0.0124084 0.00632201 -0.000521345 0.999903
Rotate_Time: 3766.67 Rotation: 0.0123312 0.00593095 -0.000493767 0.999906
Rotate_Time: 3800 Rotation: 0.0121774 0.00550588 -0.000575541 0.999911
Rotate_Time: 3833.33 Rotation: 0.0121582 0.00518575 -0.000438359 0.999913
Rotate_Time: 3866.67 Rotation: 0.0122622 0.00496086 -0.000166939 0.999913
Rotate_Time: 3900 Rotation: 0.0123835 0.0046684 3.32634e-06 0.999912
Rotate_Time: 3933.33 Rotation: 0.0124141 0.00425723 0.000147935 0.999914
Rotate_Time: 3966.67 Rotation: 0.0123884 0.00394101 0.000425456 0.999915
Rotate_Time: 4000 Rotation: 0.0125231 0.00367859 0.000738881 0.999915
Pos_Time: 0 Pos: 0 17.535 -1.1031
Pos_Time: 33.3333 Pos: 0 17.535 -1.1031
Pos_Time: 66.6667 Pos: 0 17.535 -1.1031
Pos_Time: 100 Pos: 0 17.535 -1.1031
Pos_Time: 133.333 Pos: 0 17.535 -1.1031
Pos_Time: 166.667 Pos: 0 17.535 -1.1031
Pos_Time: 200 Pos: 0 17.535 -1.1031
Pos_Time: 233.333 Pos: 0 17.535 -1.1031
Pos_Time: 266.667 Pos: 0 17.535 -1.1031
Pos_Time: 300 Pos: 0 17.535 -1.1031
Pos_Time: 333.333 Pos: 0 17.535 -1.1031
Pos_Time: 366.667 Pos: 0 17.535 -1.1031
Pos_Time: 400 Pos: 0 17.535 -1.1031
Pos_Time: 433.333 Pos: 0 17.535 -1.1031
Pos_Time: 466.667 Pos: 0 17.535 -1.1031
Pos_Time: 500 Pos: 0 17.535 -1.1031
Pos_Time: 533.333 Pos: 0 17.535 -1.1031
Pos_Time: 566.667 Pos: 0 17.535 -1.1031
Pos_Time: 600 Pos: 0 17.535 -1.1031
Pos_Time: 633.333 Pos: 0 17.535 -1.1031
Pos_Time: 666.667 Pos: 0 17.535 -1.1031
Pos_Time: 700 Pos: 0 17.535 -1.1031
Pos_Time: 733.333 Pos: 0 17.535 -1.1031
Pos_Time: 766.667 Pos: 0 17.535 -1.1031
Pos_Time: 800 Pos: 0 17.535 -1.1031
Pos_Time: 833.333 Pos: 0 17.535 -1.1031
Pos_Time: 866.667 Pos: 0 17.535 -1.1031
Pos_Time: 900 Pos: 0 17.535 -1.1031
Pos_Time: 933.333 Pos: 0 17.535 -1.1031
Pos_Time: 966.667 Pos: 0 17.535 -1.1031
Pos_Time: 1000 Pos: 0 17.535 -1.1031
Pos_Time: 1033.33 Pos: 0 17.535 -1.1031
Pos_Time: 1066.67 Pos: 0 17.535 -1.1031
Pos_Time: 1100 Pos: 0 17.535 -1.1031
Pos_Time: 1133.33 Pos: 0 17.535 -1.1031
Pos_Time: 1166.67 Pos: 0 17.535 -1.1031
Pos_Time: 1200 Pos: 0 17.535 -1.1031
Pos_Time: 1233.33 Pos: 0 17.535 -1.1031
Pos_Time: 1266.67 Pos: 0 17.535 -1.1031
Pos_Time: 1300 Pos: 0 17.535 -1.1031
Pos_Time: 1333.33 Pos: 0 17.535 -1.1031
Pos_Time: 1366.67 Pos: 0 17.535 -1.1031
Pos_Time: 1400 Pos: 0 17.535 -1.1031
Pos_Time: 1433.33 Pos: 0 17.535 -1.1031
Pos_Time: 1466.67 Pos: 0 17.535 -1.1031
Pos_Time: 1500 Pos: 0 17.535 -1.1031
Pos_Time: 1533.33 Pos: 0 17.535 -1.1031
Pos_Time: 1566.67 Pos: 0 17.535 -1.1031
Pos_Time: 1600 Pos: 0 17.535 -1.1031
Pos_Time: 1633.33 Pos: 0 17.535 -1.1031
Pos_Time: 1666.67 Pos: 0 17.535 -1.1031
Pos_Time: 1700 Pos: 0 17.535 -1.1031
Pos_Time: 1733.33 Pos: 0 17.535 -1.1031
Pos_Time: 1766.67 Pos: 0 17.535 -1.1031
Pos_Time: 1800 Pos: 0 17.535 -1.1031
Pos_Time: 1833.33 Pos: 0 17.535 -1.1031
Pos_Time: 1866.67 Pos: 0 17.535 -1.1031
Pos_Time: 1900 Pos: 0 17.535 -1.1031
Pos_Time: 1933.33 Pos: 0 17.535 -1.1031
Pos_Time: 1966.67 Pos: 0 17.535 -1.1031
Pos_Time: 2000 Pos: 0 17.535 -1.1031
Pos_Time: 2033.33 Pos: 0 17.535 -1.1031
Pos_Time: 2066.67 Pos: 0 17.535 -1.1031
Pos_Time: 2100 Pos: 0 17.535 -1.1031
Pos_Time: 2133.33 Pos: 0 17.535 -1.1031
Pos_Time: 2166.67 Pos: 0 17.535 -1.1031
Pos_Time: 2200 Pos: 0 17.535 -1.1031
Pos_Time: 2233.33 Pos: 0 17.535 -1.1031
Pos_Time: 2266.67 Pos: 0 17.535 -1.1031
Pos_Time: 2300 Pos: 0 17.535 -1.1031
Pos_Time: 2333.33 Pos: 0 17.535 -1.1031
Pos_Time: 2366.67 Pos: 0 17.535 -1.1031
Pos_Time: 2400 Pos: 0 17.535 -1.1031
Pos_Time: 2433.33 Pos: 0 17.535 -1.1031
Pos_Time: 2466.67 Pos: 0 17.535 -1.1031
Pos_Time: 2500 Pos: 0 17.535 -1.1031
Pos_Time: 2533.33 Pos: 0 17.535 -1.1031
Pos_Time: 2566.67 Pos: 0 17.535 -1.1031
Pos_Time: 2600 Pos: 0 17.535 -1.1031
Pos_Time: 2633.33 Pos: 0 17.535 -1.1031
Pos_Time: 2666.67 Pos: 0 17.535 -1.1031
Pos_Time: 2700 Pos: 0 17.535 -1.1031
Pos_Time: 2733.33 Pos: 0 17.535 -1.1031
Pos_Time: 2766.67 Pos: 0 17.535 -1.1031
Pos_Time: 2800 Pos: 0 17.535 -1.1031
Pos_Time: 2833.33 Pos: 0 17.535 -1.1031
Pos_Time: 2866.67 Pos: 0 17.535 -1.1031
Pos_Time: 2900 Pos: 0 17.535 -1.1031
Pos_Time: 2933.33 Pos: 0 17.535 -1.1031
Pos_Time: 2966.67 Pos: 0 17.535 -1.1031
Pos_Time: 3000 Pos: 0 17.535 -1.1031
Pos_Time: 3033.33 Pos: 0 17.535 -1.1031
Pos_Time: 3066.67 Pos: 0 17.535 -1.1031
Pos_Time: 3100 Pos: 0 17.535 -1.1031
Pos_Time: 3133.33 Pos: 0 17.535 -1.1031
Pos_Time: 3166.67 Pos: 0 17.535 -1.1031
Pos_Time: 3200 Pos: 0 17.535 -1.1031
Pos_Time: 3233.33 Pos: 0 17.535 -1.1031
Pos_Time: 3266.67 Pos: 0 17.535 -1.1031
Pos_Time: 3300 Pos: 0 17.535 -1.1031
Pos_Time: 3333.33 Pos: 0 17.535 -1.1031
Pos_Time: 3366.67 Pos: 0 17.535 -1.1031
Pos_Time: 3400 Pos: 0 17.535 -1.1031
Pos_Time: 3433.33 Pos: 0 17.535 -1.1031
Pos_Time: 3466.67 Pos: 0 17.535 -1.1031
Pos_Time: 3500 Pos: 0 17.535 -1.1031
Pos_Time: 3533.33 Pos: 0 17.535 -1.1031
Pos_Time: 3566.67 Pos: 0 17.535 -1.1031
Pos_Time: 3600 Pos: 0 17.535 -1.1031
Pos_Time: 3633.33 Pos: 0 17.535 -1.1031
Pos_Time: 3666.67 Pos: 0 17.535 -1.1031
Pos_Time: 3700 Pos: 0 17.535 -1.1031
Pos_Time: 3733.33 Pos: 0 17.535 -1.1031
Pos_Time: 3766.67 Pos: 0 17.535 -1.1031
Pos_Time: 3800 Pos: 0 17.535 -1.1031
Pos_Time: 3833.33 Pos: 0 17.535 -1.1031
Pos_Time: 3866.67 Pos: 0 17.535 -1.1031
Pos_Time: 3900 Pos: 0 17.535 -1.1031
Pos_Time: 3933.33 Pos: 0 17.535 -1.1031
Pos_Time: 3966.67 Pos: 0 17.535 -1.1031
Pos_Time: 4000 Pos: 0 17.535 -1.1031

#1_KeyFrame
Scale_Size: 121
Rotate_Size: 121
Pos_Size: 121
Scale_Time: 0 Scale: 1 1 1
Scale_Time: 33.3333 Scale: 1 1 1
Scale_Time: 66.6667 Scale: 1 1 1
Scale_Time: 100 Scale: 1 1 1
Scale_Time: 133.333 Scale: 1 1 1
Scale_Time: 166.667 Scale: 1 1 1
Scale_Time: 200 Scale: 1 1 1
Scale_Time: 233.333 Scale: 1 1 1
Scale_Time: 266.667 Scale: 1 1 1
Scale_Time: 300 Scale: 1 1 1
Scale_Time: 333.333 Scale: 1 1 1
Scale_Time: 366.667 Scale: 1 1 1
Scale_Time: 400 Scale: 1 1 1
Scale_Time: 433.333 Scale: 1 1 1
Scale_Time: 466.667 Scale: 1 1 1
Scale_Time: 500 Scale: 1 1 1
Scale_Time: 533.333 Scale: 1 1 1
Scale_Time: 566.667 Scale: 1 1 1
Scale_Time: 600 Scale: 1 1 1
Scale_Time: 633.333 Scale: 1 1 1
Scale_Time: 666.667 Scale: 1 1 1
Scale_Time: 700 Scale: 1 1 1
Scale_Time: 733.333 Scale: 1 1 1
Scale_Time: 766.667 Scale: 1 1 1
Scale_Time: 800 Scale: 1 1 1
Scale_Time: 833.333 Scale: 1 1 1
Scale_Time: 866.667 Scale: 1 1 1
Scale_Time: 900 Scale: 1 1 1
Scale_Time: 933.333 Scale: 1 1 1
Scale_Time: 966.667 Scale: 1 1 1
Scale_Time: 1000 Scale: 1 1 1
Scale_Time: 1033.33 Scale: 1 1 1
Scale_Time: 1066.67 Scale: 1 1 1
Scale_Time: 1100 Scale: 1 1 1
Scale_Time: 1133.33 Scale: 1 1 1
Scale_Time: 1166.67 Scale: 1 1 1
Scale_Time: 1200 Scale: 1 1 1
Scale_Time: 1233.33 Scale: 1 1 1
Scale_Time: 1266.67 Scale: 1 1 1
Scale_Time: 1300 Scale: 1 1 1
Scale_Time: 1333.33 Scale: 1 1 1
Scale_Time: 1366.67 Scale: 1 1 1
Scale_Time: 1400 Scale: 1 1 1
Scale_Time: 1433.33 Scale: 1 1 1
Scale_Time: 1466.67 Scale: 1 1 1
Scale_Time: 1500 Scale: 1 1 1
Scale_Time: 1533.33 Scale: 1 1 1
Scale_Time: 1566.67 Scale: 1 1 1
Scale_Time: 1600 Scale: 1 1 1
Scale_Time: 1633.33 Scale: 1 1 1
Scale_Time: 1666.67 Scale: 1 1 1
Scale_Time: 1700 Scale: 1 1 1
Scale_Time: 1733.33 Scale: 1 1 1
Scale_Time: 1766.67 Scale: 1 1 1
Scale_Time: 1800 Scale: 1 1 1
Scale_Time: 1833.33 Scale: 1 1 1
Scale_Time: 1866.67 Scale: 1 1 1
Scale_Time: 1900 Scale: 1 1 1
Scale_Time: 1933.33 Scale: 1 1 1
Scale_Time: 1966.67 Scale: 1 1 1
Scale_Time: 2000 Scale: 1 1 1
Scale_Time: 2033.33 Scale: 1 1 1
Scale_Time: 2066.67 Scale: 1 1 1
Scale_Time: 2100 Scale: 1 1 1
Scale_Time: 2133.33 Scale: 1 1 1
Scale_Time: 2166.67 Scale: 1 1 1
Scale_Time: 2200 Scale: 1 1 1
Scale_Time: 2233.33 Scale: 1 1 1
Scale_Time: 2266.67 Scale: 1 1 1
Scale_Time: 2300 Scale: 1 1 1
Scale_Time: 2333.33 Scale: 1 1 1
Scale_Time: 2366.67 Scale: 1 1 1
Scale_Time: 2400 Scale: 1 1 1
Scale_Time: 2433.33 Scale: 1 1 1
Scale_Time: 2466.67 Scale: 1 1 1
Scale_Time: 2500 Scale: 1 1 1
Scale_Time: 2533.33 Scale: 1 1 1
Scale_Time: 2566.67 Scale: 1 1 1
Scale_Time: 2600 Scale: 1 1 1
Scale_Time: 2633.33 Scale: 1 1 1
Scale_Time: 2666.67 Scale: 1 1 1
Scale_Time: 2700 Scale: 1 1 1
Scale_Time: 2733.33 Scale: 1 1 1
Scale_Time: 2766.67 Scale: 1 1 1
Scale_Time: 2800 Scale: 1 1 1
Scale_Time: 2833.33 Scale: 1 1 1
Scale_Time: 2866.67 Scale: 1 1 1
Scale_Time: 2900 Scale: 1 1 1
Scale_Time: 2933.33 Scale: 1 1 1
Scale_Time: 2966.67 Scale: 1 1 1
Scale_Time: 3000 Scale: 1 1 1
Scale_Time: 3033.33 Scale: 1 1 1
Scale_Time: 3066.67 Scale: 1 1 1
Scale_Time: 3100 Scale: 1 1 1
Scale_Time: 3133.33 Scale: 1 1 1
Scale_Time: 3166.67 Scale: 1 1 1
Scale_Time: 3200 Scale: 1 1 1
Scale_Time: 3233.33 Scale: 1 1 1
Scale_Time: 3266.67 Scale: 1 1 1
Scale_Time: 3300 Scale: 1 1 1
Scale_Time: 3333.33 Scale: 1 1 1
Scale_Time: 3366.67 Scale: 1 1 1
Scale_Time: 3400 Scale: 1 1 1
Scale_Time: 3433.33 Scale: 1 1 1
Scale_Time: 3466.67 Scale: 1 1 1
Scale_Time: 3500 Scale: 1 1 1
Scale_Time: 3533.33 Scale: 1 1 1
Scale_Time: 3566.67 Scale: 1 1 1
Scale_Time: 3600 Scale: 1 1 1
Scale_Time: 3633.33 Scale: 1 1 1
Scale_Time: 3666.67 Scale: 1 1 1
Scale_Time: 3700 Scale: 1 1 1
Scale_Time: 3733.33 Scale: 1 1 1
Scale_Time: 3766.67 Scale: 1 1 1
Scale_Time: 3800 Scale: 1 1 1
Scale_Time: 3833.33 Scale: 1 1 1
Scale_Time: 3866.67 Scale: 1 1 1
Scale_Time: 3900 Scale: 1 1 1
Scale_Time: 3933.33 Scale: 1 1 1
Scale_Time: 3966.67 Scale: 1 1 1
Scale_Time: 4000 Scale: 1 1 1
Rotate_Time: 0 Rotation: 0.0370987 0.366838 -0.0116753 0.929471
Rotate_Time: 33.3333 Rotation: 0.0367589 0.367984 -0.0113158 0.929036
Rotate_Time: 66.6667 Rotation: 0.0362093 0.369058 -0.0108465 0.928638
Rotate_Time: 100 Rotation: 0.0357848 0.369605 -0.0105829 0.928439
Rotate_Time: 133.333 Rotation: 0.0352047 0.369868 -0.0103614 0.928359
Rotate_Time: 166.667 Rotation: 0.0346993 0.369893 -0.0100302 0.928372
Rotate_Time: 200 Rotation: 0.0340351 0.36987 -0.00961835 0.92841
Rotate_Time: 233.333 Rotation: 0.0334172 0.369618 -0.00904276 0.928539
Rotate_Time: 266.667 Rotation: 0.032404 0.369614 -0.00831636 0.928583
Rotate_Time: 300 Rotation: 0.0317499 0.369957 -0.00719017 0.928478
Rotate_Time: 333.333 Rotation: 0.0309057 0.369562 -0.00644977 0.92867
Rotate_Time: 366.667 Rotation: 0.0298993 0.368479 -0.00605752 0.929136
Rotate_Time: 400 Rotation: 0.0290534 0.367501 -0.00586136 0.929551
Rotate_Time: 433.333 Rotation: 0.0285647 0.366213 -0.00583192 0.930074
Rotate_Time: 466.667 Rotation: 0.0279549 0.363 -0.0062539 0.931349
Rotate_Time: 500 Rotation: 0.0277019 0.357187 -0.00696421 0.933596
Rotate_Time: 533.333 Rotation: 0.027645 0.348608 -0.00729271 0.936832
Rotate_Time: 566.667 Rotation: 0.0276416 0.337708 -0.00752324 0.940815
Rotate_Time: 600 Rotation: 0.0277872 0.324287 -0.00788258 0.945518
Rotate_Time: 633.333 Rotation: 0.0274635 0.309907 -0.00771535 0.950339
Rotate_Time: 666.667 Rotation: 0.0273948 0.294155 -0.00725704 0.955337
Rotate_Time: 700 Rotation: 0.0270165 0.276986 -0.00643441 0.960472
Rotate_Time: 733.333 Rotation: 0.0262306 0.25897 -0.00558535 0.965513
Rotate_Time: 766.667 Rotation: 0.0257486 0.238169 -0.0046454 0.970871
Rotate_Time: 800 Rotation: 0.0248999 0.214452 -0.00334332 0.976411
Rotate_Time: 833.333 Rotation: 0.0244396 0.1883 -0.001751 0.981806
Rotate_Time: 866.667 Rotation: 0.0243201 0.159468 0.000185241 0.986904
Rotate_Time: 900 Rotation: 0.023999 0.126585 0.00295821 0.991661
Rotate_Time: 933.333 Rotation: 0.0240536 0.0921897 0.00583866 0.995434
Rotate_Time: 966.667 Rotation: 0.0244476 0.0545101 0.00822246 0.99818
Rotate_Time: 1000 Rotation: 0.0245429 0.0175437 0.0103301 0.999491
Rotate_Time: 1033.33 Rotation: 0.0244486 -0.0168194 0.0117885 0.99949
Rotate_Time: 1066.67 Rotation: 0.0247561 -0.0491131 0.0130901 0.998401
Rotate_Time: 1100 Rotation: 0.0253685 -0.0756873 0.0141315 0.996709
Rotate_Time: 1133.33 Rotation: 0.0257986 -0.0926275 0.014822 0.995256
Rotate_Time: 1166.67 Rotation: 0.0262978 -0.10042 0.0150791 0.994483
Rotate_Time: 1200 Rotation: 0.0265185 -0.100893 0.0145636 0.994437
Rotate_Time: 1233.33 Rotation: 0.0272669 -0.0974364 0.0138578 0.994772
Rotate_Time: 1266.67 Rotation: 0.0281421 -0.0915517 0.0132426 0.995314
Rotate_Time: 1300 Rotation: 0.0291774 -0.0835717 0.0126655 0.995994
Rotate_Time: 1333.33 Rotation: 0.0306307 -0.0736849 0.0120235 0.996739
Rotate_Time: 1366.67 Rotation: 0.0330299 -0.0627329 0.0110239 0.997423
Rotate_Time: 1400 Rotation: 0.0360149 -0.0507704 0.00983674 0.998012
Rotate_Time: 1433.33 Rotation: 0.0395129 -0.0381363 0.00848083 0.998455
Rotate_Time: 1466.67 Rotation: 0.0424679 -0.0233703 0.00694655 0.9988
Rotate_Time: 1500 Rotation: 0.0443118 -0.00601712 0.0054284 0.998985
Rotate_Time: 1533.33 Rotation: 0.0449459 0.0133232 0.00390544 0.998893
Rotate_Time: 1566.67 Rotation: 0.0452174 0.0344068 0.00269355 0.998381
Rotate_Time: 1600 Rotation: 0.0446317 0.0581795 0.00168914 0.997307
Rotate_Time: 1633.33 Rotation: 0.0440897 0.0814158 0.000917811 0.995704
Rotate_Time: 1666.67 Rotation: 0.0433905 0.104666 0.000599721 0.99356
Rotate_Time: 1700 Rotation: 0.0421023 0.127374 0.000374945 0.990961
Rotate_Time: 1733.33 Rotation: 0.041261 0.148106 0.0004745 0.98811
Rotate_Time: 1766.67 Rotation: 0.0409556 0.168366 0.000627178 0.984873
Rotate_Time: 1800 Rotation: 0.0411142 0.189945 0.000388655 0.980933
Rotate_Time: 1833.33 Rotation: 0.0412286 0.21369 -9.80481e-06 0.976031
Rotate_Time: 1866.67 Rotation: 0.0413097 0.23977 -0.000772388 0.96995
Rotate_Time: 1900 Rotation: 0.0408152 0.268113 -0.00191629 0.96252
Rotate_Time: 1933.33 Rotation: 0.0400662 0.298457 -0.00259357 0.953578
Rotate_Time: 1966.67 Rotation: 0.0392004 0.329477 -0.00295 0.943345
Rotate_Time: 2000 Rotation: 0.037921 0.361528 -0.00306483 0.931585
Rotate_Time: 2033.33 Rotation: 0.0372826 0.392594 -0.00290598 0.918951
Rotate_Time: 2066.67 Rotation: 0.036742 0.423151 -0.00242645 0.905311
Rotate_Time: 2100 Rotation: 0.0364705 0.452738 -0.00126154 0.890897
Rotate_Time: 2133.33 Rotation: 0.0372095 0.48026 -0.000716635 0.876336
Rotate_Time: 2166.67 Rotation: 0.0377894 0.507515 0.000299254 0.860814
Rotate_Time: 2200 Rotation: 0.0384653 0.533745 0.000953999 0.844769
Rotate_Time: 2233.33 Rotation: 0.0392521 0.557432 0.00126186 0.829293
Rotate_Time: 2266.67 Rotation: 0.0397787 0.5789 0.00134361 0.814427
Rotate_Time: 2300 Rotation: 0.0405336 0.597732 0.00157368 0.800669
Rotate_Time: 2333.33 Rotation: 0.0414699 0.612805 0.00178732 0.789143
Rotate_Time: 2366.67 Rotation: 0.042467 0.624811 0.00239201 0.779617
Rotate_Time: 2400 Rotation: 0.0431821 0.634197 0.00335898 0.771957
Rotate_Time: 2433.33 Rotation: 0.0436066 0.641 0.00419023 0.76629
Rotate_Time: 2466.67 Rotation: 0.0443721 0.645707 0.00453505 0.762281
Rotate_Time: 2500 Rotation: 0.0453115 0.648783 0.00484309 0.759608
Rotate_Time: 2533.33 Rotation: 0.0460979 0.650417 0.00508691 0.75816
Rotate_Time: 2566.67 Rotation: 0.0468914 0.650598 0.00494574 0.757957
Rotate_Time: 2600 Rotation: 0.0478658 0.648805 0.00414506 0.759437
Rotate_Time: 2633.33 Rotation: 0.048952 0.645067 0.00296618 0.76255
Rotate_Time: 2666.67 Rotation: 0.0502733 0.639666 0.00177648 0.767006
Rotate_Time: 2700 Rotation: 0.051842 0.632641 0.000278413 0.772708
Rotate_Time: 2733.33 Rotation: 0.053285 0.623654 -0.00131627 0.779881
Rotate_Time: 2766.67 Rotation: 0.0539966 0.612061 -0.00336017 0.788957
Rotate_Time: 2800 Rotation: 0.0543118 0.597464 -0.00573321 0.800034
Rotate_Time: 2833.33 Rotation: 0.0543776 0.580731 -0.00756344 0.812242
Rotate_Time: 2866.67 Rotation: 0.054306 0.562881 -0.00840192 0.824709
Rotate_Time: 2900 Rotation: 0.0543729 0.545081 -0.00859643 0.836575
Rotate_Time: 2933.33 Rotation: 0.0541753 0.528835 -0.00792741 0.846957
Rotate_Time: 2966.67 Rotation: 0.0537025 0.513146 -0.00701564 0.856591
Rotate_Time: 3000 Rotation: 0.0530513 0.497123 -0.00583619 0.866037
Rotate_Time: 3033.33 Rotation: 0.0525854 0.480564 -0.00472936 0.875369
Rotate_Time: 3066.67 Rotation: 0.0519654 0.46207 -0.0039208 0.885311
Rotate_Time: 3100 Rotation: 0.0513625 0.442935 -0.00274046 0.895077
Rotate_Time: 3133.33 Rotation: 0.0498819 0.425348 -0.0015831 0.903653
Rotate_Time: 3166.67 Rotation: 0.0477115 0.409607 -0.000791793 0.911013
Rotate_Time: 3200 Rotation: 0.0455794 0.396433 -0.000305828 0.916931
Rotate_Time: 3233.33 Rotation: 0.0437817 0.386123 -0.00062746 0.921408
Rotate_Time: 3266.67 Rotation: 0.0414204 0.377357 -0.00105974 0.92514
Rotate_Time: 3300 Rotation: 0.0396878 0.369613 -0.00105614 0.928337
Rotate_Time: 3333.33 Rotation: 0.0381889 0.362525 -0.000846167 0.931191
Rotate_Time: 3366.67 Rotation: 0.0374595 0.356089 -0.00145875 0.9337
Rotate_Time: 3400 Rotation: 0.0369135 0.350659 -0.00252302 0.935772
Rotate_Time: 3433.33 Rotation: 0.0367919 0.346711 -0.00375584 0.937243
Rotate_Time: 3466.67 Rotation: 0.0372371 0.344262 -0.00503776 0.938121
Rotate_Time: 3500 Rotation: 0.0376506 0.343247 -0.00623518 0.93847
Rotate_Time: 3533.33 Rotation: 0.0382068 0.343494 -0.00717575 0.93835
Rotate_Time: 3566.67 Rotation: 0.0386829 0.344408 -0.00791058 0.937989
Rotate_Time: 3600 Rotation: 0.0392215 0.345894 -0.00842485 0.937415
Rotate_Time: 3633.33 Rotation: 0.0392568 0.348068 -0.00867686 0.936607
Rotate_Time: 3666.67 Rotation: 0.0392197 0.35078 -0.00882587 0.935595
Rotate_Time: 3700 Rotation: 0.0388354 0.35325 -0.00896697 0.934679
Rotate_Time: 3733.33 Rotation: 0.038544 0.355273 -0.00920455 0.933922
Rotate_Time: 3766.67 Rotation: 0.0382744 0.357215 -0.00949402 0.933189
Rotate_Time: 3800 Rotation: 0.0380288 0.359056 -0.00981661 0.932489
Rotate_Time: 3833.33 Rotation: 0.0378073 0.360775 -0.0101608 0.931831
Rotate_Time: 3866.67 Rotation: 0.0376077 0.36235 -0.0105189 0.931224
Rotate_Time: 3900 Rotation: 0.0374378 0.363764 -0.0108599 0.930675
Rotate_Time: 3933.33 Rotation: 0.0372976 0.364998 -0.011171 0.930194
Rotate_Time: 3966.67 Rotation: 0.0371859 0.366029 -0.0114436 0.92979
Rotate_Time: 4000 Rotation: 0.0370987 0.366838 -0.0116753 0.929471
Pos_Time: 0 Pos: 0.24813 53.8809 0.33603
Pos_Time: 33.3333 Pos: 0.251476 53.8857 0.330506
Pos_Time: 66.6667 Pos: 0.255132 53.8908 0.327126
Pos_Time: 100 Pos: 0.258474 53.8887 0.32478
Pos_Time: 133.333 Pos: 0.260457 53.8837 0.320891
Pos_Time: 166.667 Pos: 0.259079 53.8815 0.318777
Pos_Time: 200 Pos: 0.260191 53.8819 0.31767
Pos_Time: 233.333 Pos: 0.259624 53.8891 0.3171
Pos_Time: 266.667 Pos: 0.262946 53.89 0.308824
Pos_Time: 300 Pos: 0.255114 53.8983 0.293969
Pos_Time: 333.333 Pos: 0.251994 53.9037 0.282858
Pos_Time: 366.667 Pos: 0.243573 53.9044 0.271486
