***************Animation_File_Header***************
#Nodes: 58
#KeyFrames: 38
#Duration: 1033.33
#TicksPerSecond: 30
#GlobalInverseTransform: 1 -0 0 0 -0 1 0 0 0 -0 1 0 0 -0 0 1 
#RootBoneName: mixamorig1:Hips
#RootBoneIndex: 1

***********************Nodes***********************
#0_Matrix: 1 0 -0 0 0 1 -0 0 -0 -0 1 -0 0 0 -0 1 
#1_Matrix: 1 0 -0 0 0 1 -0 0 -0 -0 1 -0 0 58.2716 -0 1 
#2_Matrix: 1 0 -0 0 0 0.99945 0.0331744 0 -0 -0.0331744 0.99945 -0 0 7.7421 0.257 1 
#3_Matrix: 1 0 -0 0 0 1 -0 0 -0 -0 1 -0 0 9.0375 -0 1 
#4_Matrix: 1 0 -0 0 0 1 -0 0 -0 -0 1 -0 0 10.3285 -0 1 
#5_Matrix: 1 0 -0 0 0 0.99945 -0.0331744 0 -0 0.0331744 0.99945 -0 0 11.6196 -0 1 
#6_Matrix: 1 0 -0 0 0 1 -0 0 -0 -0 1 -0 0 17.535 -1.1031 1 
#7_Matrix: 1 0 -0 0 0 1 -0 0 -0 -0 1 -0 0 43.559 -2.7403 1 
#8_Matrix: -0.0094892 -0.000142206 0.999955 0 0.93837 -0.345519 0.00885564 0 0.345502 0.938412 0.00341214 -0 4.8535 9.7608 0.0481 1 
#9_Matrix: 0.999932 0.00655165 0.00966931 0 -0.00948928 0.93837 0.345502 0 -0.00680978 -0.34557 0.938368 -0 0 10.4392 -0 1 
#10_Matrix: 0.999997 -1.30676e-08 -0.0025577 0 6.98492e-10 1 -0 0 0.0025577 7.45058e-09 0.999997 -0 0 16.8656 -0 1 
#11_Matrix: 0.99998 -0.00612923 0.00122811 0 0.0061337 0.999974 -0.00366654 0 -0.00120562 0.003674 0.999993 -0 0 21.1326 -0 1 
#12_Matrix: 0.694833 0.718986 -0.0163247 0 -0.640634 0.608479 -0.468338 0 -0.326795 0.335875 0.883398 -0 -2.6652 3.8611 -1.4899 1 
#13_Matrix: 0.856963 -0.515378 -0.000256964 0 0.515378 0.856963 -7.39135e-05 0 0.000258302 -6.90985e-05 1 -0 1.0176 3.8043 -0 1 
#14_Matrix: 0.960026 0.279593 -0.0133256 0 -0.279617 0.960111 4.41894e-05 0 0.0128064 0.00368364 0.999911 -0 -1.0257 3.5659 -0 1 
#15_Matrix: 1 0 -0 0 0 1 -0 0 -0 -0 1 -0 0.0082 2.4731 -0 1 
#16_Matrix: 0.99993 0.00614002 -0.0101472 0 -0.00610298 0.999974 0.00367373 0 0.0101695 -0.00361155 0.999942 -0 -3.1464 11.1647 -0.1278 1 
#17_Matrix: 1 -0.000198135 2.74825e-06 0 0.000198135 1 -0 0 -2.74825e-06 1.86265e-09 1 -0 -0.0001 3.8086 -0 1 
#18_Matrix: 1 0.00060565 4.32623e-06 0 -0.00060565 1 -0 0 -4.32623e-06 -0 1 -0 -0.0008 3.5652 -0 1 
#19_Matrix: 1 0 -0 0 0 1 -0 0 -0 -0 1 -0 0.0009 2.3606 -0 1 
#20_Matrix: 0.999987 0.0051875 6.35535e-05 0 -0.0051877 0.99998 0.00367407 0 -4.4493e-05 -0.00367435 0.999993 -0 -0.0694 11.3225 0.0416 1 
#21_Matrix: 0.999999 0.00130379 1.88293e-05 0 -0.00130379 0.999999 -0 0 -1.88292e-05 -2.23517e-08 1 -0 -0.0036 3.8235 -0 1 
#22_Matrix: 1 0.000493022 -1.79168e-05 0 -0.000493022 1 1.49012e-08 0 1.79168e-05 -5.58794e-09 1 -0 0.0014 3.8648 -0 1 
#23_Matrix: 1 0 -0 0 0 1 -0 0 -0 -0 1 -0 0.0022 2.5723 -0 1 
#24_Matrix: 0.99995 0.00138121 -0.00985854 0 -0.0013455 0.999993 0.00362688 0 0.00986347 -0.00361344 0.999945 -0 3.2158 10.6964 0.0519 1 
#25_Matrix: 0.999987 0.00500279 0.000255666 0 -0.00500279 0.999987 -5.96046e-08 0 -0.000255663 -1.22935e-06 1 -0 -0.0166 3.4699 -0 1 
#26_Matrix: 0.999977 0.00672665 -0.000544794 0 -0.00672665 0.999977 3.78489e-06 0 0.000544807 -1.3411e-07 1 -0 0.0007 3.1986 -0 1 
#27_Matrix: 1 0 -0 0 0 1 -0 0 -0 -0 1 -0 0.0159 2.2892 -0 1 
#28_Matrix: -0.0150754 0.000206233 -0.999886 0 -0.93837 -0.345345 0.0140767 0 -0.345303 0.938476 0.00539973 -0 -4.8535 9.7617 0.0753 1 
#29_Matrix: 0.999881 -0.0129923 -0.00834609 0 0.0150753 0.93837 0.345303 0 0.00334546 -0.345388 0.938454 -0 0 10.4392 -0 1 
#30_Matrix: 0.999997 -3.37604e-09 0.00235283 0 2.73576e-09 1 7.45058e-09 0 -0.00235283 -0 0.999997 -0 0 16.8632 -0 1 
#31_Matrix: 0.999658 0.00833273 -0.0247768 0 -0.00844477 0.999955 -0.00442058 0 0.0247388 0.00462829 0.999683 -0 0 21.1323 -0 1 
#32_Matrix: 0.685374 -0.727172 0.0385103 0 0.660426 0.598446 -0.453542 0 0.306757 0.336279 0.890403 -0 2.4265 3.9484 -1.4341 1 
#33_Matrix: 0.819038 0.573732 0.00277964 0 -0.573732 0.819042 -0.000973679 0 -0.00283528 -0.000797287 0.999996 -0 -1.0506 3.7361 -0 1 
#34_Matrix: 0.914482 -0.404566 0.00702312 0 0.404573 0.914506 0.000560075 0 -0.00664927 0.00232918 0.999975 -0 1.2532 3.5776 -0 1 
#35_Matrix: 1 0 -0 0 0 1 -0 0 -0 -0 1 -0 -0.2026 2.5405 -0 1 
#36_Matrix: 0.99991 -0.00494346 0.0124464 0 0.0048867 0.999978 0.00458543 0 -0.0124688 -0.0045242 0.999912 -0 3.0287 10.9763 -0.1857 1 
#37_Matrix: 0.999998 0.00213941 -0.000143588 0 -0.00213941 0.999998 8.00937e-07 0 0.000143589 -4.91738e-07 1 -0 0.0136 3.9462 -0 1 
#38_Matrix: 0.999801 -0.0198935 -0.00172165 0 0.0198935 0.999802 -2.45571e-05 0 0.0017218 -9.62615e-06 0.999999 -0 0.02 3.5805 -0 1 
#39_Matrix: 1 0 -0 0 0 1 -0 0 -0 -0 1 -0 -0.0336 2.348 -0 1 
#40_Matrix: 0.999962 -0.00865245 -0.000759457 0 0.00865587 0.999952 0.00462805 0 0.000719376 -0.00463445 0.999989 -0 0.0929 11.1483 0.0516 1 
#41_Matrix: 1 0.000323158 6.73393e-06 0 -0.000323158 1 -0 0 -6.73393e-06 -3.72529e-09 1 -0 -0.0013 4.0228 -0 1 
#42_Matrix: 1 0.000496354 -1.34925e-05 0 -0.000496354 1 7.45058e-09 0 1.34925e-05 -3.72529e-09 1 -0 0 3.8249 -0 1 
#43_Matrix: 1 0 -0 0 0 1 -0 0 -0 -0 1 -0 0.0013 2.6191 -0 1 
#44_Matrix: 0.999901 -0.00948577 -0.0103455 0 0.00953392 0.999944 0.00461587 0 0.0103011 -0.00471406 0.999936 -0 -3.1216 10.586 -0.1288 1 
#45_Matrix: 0.999998 -0.00200958 9.47739e-05 0 0.00200958 0.999998 3.05474e-07 0 -9.47743e-05 -1.15484e-07 1 -0 -0.0041 3.4128 -0 1 
#46_Matrix: 0.99995 0.0100323 0.000553182 0 -0.0100323 0.99995 -3.78489e-06 0 -0.000553192 -1.78814e-06 1 -0 -0.0106 3.3012 -0 1 
#47_Matrix: 1 0 -0 0 0 1 -0 0 -0 -0 1 -0 0.0147 2.1549 -0 1 
#48_Matrix: -0.999933 -0.0115707 -0.000120428 0 0.0115711 -0.999926 -0.00386589 0 -7.56875e-05 -0.00386703 0.999993 -0 9.7992 -4.2996 -0.1502 1 
#49_Matrix: 0.99971 -0.0240727 -0 0 0.0240703 0.999609 -0.0142205 0 0.000342326 0.0142163 0.999899 -0 0 21.6998 -0 1 
#50_Matrix: 0.998497 0.0197339 -0.0511284 0 -0.0514607 0.658486 -0.750832 0 0.0188505 0.752334 0.658512 -0 0 20.0861 -0 1 
#51_Matrix: 0.999031 0 -0.0440135 0 -0.0286805 0.758537 -0.650998 0 0.0333858 0.65163 0.757802 -0 0 17.9698 -0 1 
#52_Matrix: 1 0 -0 0 0 1 -0 0 -0 -0 1 -0 0 7.2092 -0 1 
#53_Matrix: -0.999933 0.0115686 0.000280998 0 -0.0115706 -0.999893 -0.00899007 0 0.000176966 -0.00899272 0.99996 -0 -9.7992 -4.2996 -0.0259 1 
#54_Matrix: 0.99971 0.024071 -0 0 -0.0240707 0.999699 -0.0047944 0 -0.000115406 0.00479301 0.999988 -0 0 21.7005 -0 1 
#55_Matrix: 0.998503 -0.0197361 0.0510058 0 0.0514461 0.655412 -0.753517 0 -0.0185583 0.755013 0.655447 -0 0 20.0847 -0 1 
#56_Matrix: 0.999074 0 0.0430248 0 0.0280397 0.758468 -0.651107 0 -0.0326329 0.651711 0.757765 -0 0 17.9654 -0 1 
#57_Matrix: 1 0 -0 0 0 1 -0 0 -0 -0 1 -0 0 7.2826 -0 1 

**********************Parents**********************
#0_Parents: -1
#1_Parents: 0
#2_Parents: 1
#3_Parents: 2
#4_Parents: 3
#5_Parents: 4
#6_Parents: 5
#7_Parents: 6
#8_Parents: 4
#9_Parents: 8
#10_Parents: 9
#11_Parents: 10
#12_Parents: 11
#13_Parents: 12
#14_Parents: 13
#15_Parents: 14
#16_Parents: 11
#17_Parents: 16
#18_Parents: 17
#19_Parents: 18
#20_Parents: 11
#21_Parents: 20
#22_Parents: 21
#23_Parents: 22
#24_Parents: 11
#25_Parents: 24
#26_Parents: 25
#27_Parents: 26
#28_Parents: 4
#29_Parents: 28
#30_Parents: 29
#31_Parents: 30
#32_Parents: 31
#33_Parents: 32
#34_Parents: 33
#35_Parents: 34
#36_Parents: 31
#37_Parents: 36
#38_Parents: 37
#39_Parents: 38
#40_Parents: 31
#41_Parents: 40
#42_Parents: 41
#43_Parents: 42
#44_Parents: 31
#45_Parents: 44
#46_Parents: 45
#47_Parents: 46
#48_Parents: 1
#49_Parents: 48
#50_Parents: 49
#51_Parents: 50
#52_Parents: 51
#53_Parents: 1
#54_Parents: 53
#55_Parents: 54
#56_Parents: 55
#57_Parents: 56

********************BoneIndices********************
#0_BoneIndex: -1
#1_BoneIndex: 15
#2_BoneIndex: 14
#3_BoneIndex: 7
#4_BoneIndex: 2
#5_BoneIndex: 0
#6_BoneIndex: 1
#7_BoneIndex: -1
#8_BoneIndex: 3
#9_BoneIndex: 6
#10_BoneIndex: 8
#11_BoneIndex: 9
#12_BoneIndex: 26
#13_BoneIndex: 27
#14_BoneIndex: 28
#15_BoneIndex: -1
#16_BoneIndex: 29
#17_BoneIndex: 31
#18_BoneIndex: 34
#19_BoneIndex: -1
#20_BoneIndex: 25
#21_BoneIndex: 32
#22_BoneIndex: 35
#23_BoneIndex: -1
#24_BoneIndex: 10
#25_BoneIndex: 30
#26_BoneIndex: 33
#27_BoneIndex: -1
#28_BoneIndex: 4
#29_BoneIndex: 5
#30_BoneIndex: 11
#31_BoneIndex: 12
#32_BoneIndex: 36
#33_BoneIndex: 38
#34_BoneIndex: 41
#35_BoneIndex: -1
#36_BoneIndex: 37
#37_BoneIndex: 40
#38_BoneIndex: 44
#39_BoneIndex: -1
#40_BoneIndex: 13
#41_BoneIndex: 42
#42_BoneIndex: 45
#43_BoneIndex: -1
#44_BoneIndex: 16
#45_BoneIndex: 39
#46_BoneIndex: 43
#47_BoneIndex: -1
#48_BoneIndex: 18
#49_BoneIndex: 19
#50_BoneIndex: 20
#51_BoneIndex: 21
#52_BoneIndex: -1
#53_BoneIndex: 17
#54_BoneIndex: 22
#55_BoneIndex: 23
#56_BoneIndex: 24
#57_BoneIndex: -1

******************KeyFrameIndices******************
#0_KeyFrameIndex: -1
#1_KeyFrameIndex: 1
#2_KeyFrameIndex: 35
#3_KeyFrameIndex: 36
#4_KeyFrameIndex: 37
#5_KeyFrameIndex: 18
#6_KeyFrameIndex: 0
#7_KeyFrameIndex: -1
#8_KeyFrameIndex: 15
#9_KeyFrameIndex: 2
#10_KeyFrameIndex: 4
#11_KeyFrameIndex: 5
#12_KeyFrameIndex: 12
#13_KeyFrameIndex: 13
#14_KeyFrameIndex: -1
#15_KeyFrameIndex: -1
#16_KeyFrameIndex: 6
#17_KeyFrameIndex: 7
#18_KeyFrameIndex: -1
#19_KeyFrameIndex: -1
#20_KeyFrameIndex: 8
#21_KeyFrameIndex: 9
#22_KeyFrameIndex: -1
#23_KeyFrameIndex: -1
#24_KeyFrameIndex: 10
#25_KeyFrameIndex: 11
#26_KeyFrameIndex: -1
#27_KeyFrameIndex: -1
#28_KeyFrameIndex: 32
#29_KeyFrameIndex: 19
#30_KeyFrameIndex: 21
#31_KeyFrameIndex: 22
#32_KeyFrameIndex: 29
#33_KeyFrameIndex: 30
#34_KeyFrameIndex: -1
#35_KeyFrameIndex: -1
#36_KeyFrameIndex: 23
#37_KeyFrameIndex: 24
#38_KeyFrameIndex: -1
#39_KeyFrameIndex: -1
#40_KeyFrameIndex: 25
#41_KeyFrameIndex: 26
#42_KeyFrameIndex: -1
#43_KeyFrameIndex: -1
#44_KeyFrameIndex: 27
#45_KeyFrameIndex: 28
#46_KeyFrameIndex: -1
#47_KeyFrameIndex: -1
#48_KeyFrameIndex: 17
#49_KeyFrameIndex: 14
#50_KeyFrameIndex: 3
#51_KeyFrameIndex: 16
#52_KeyFrameIndex: -1
#53_KeyFrameIndex: 34
#54_KeyFrameIndex: 31
#55_KeyFrameIndex: 20
#56_KeyFrameIndex: 33
#57_KeyFrameIndex: -1

*********************KeyFrames*********************
#0_KeyFrame
Scale_Size: 32
Rotate_Size: 32
Pos_Size: 32
Scale_Time: 0 Scale: 1 1 1
Scale_Time: 33.3333 Scale: 1 1 1
Scale_Time: 66.6667 Scale: 1 1 1
Scale_Time: 100 Scale: 1 1 1
Scale_Time: 133.333 Scale: 1 1 1
Scale_Time: 166.667 Scale: 1 1 1
Scale_Time: 200 Scale: 1 1 1
Scale_Time: 233.333 Scale: 1 1 1
Scale_Time: 266.667 Scale: 1 1 1
Scale_Time: 300 Scale: 1 1 1
Scale_Time: 333.333 Scale: 1 1 1
Scale_Time: 366.667 Scale: 1 1 1
Scale_Time: 400 Scale: 1 1 1
Scale_Time: 433.333 Scale: 1 1 1
Scale_Time: 466.667 Scale: 1 1 1
Scale_Time: 500 Scale: 1 1 1
Scale_Time: 533.333 Scale: 1 1 1
Scale_Time: 566.667 Scale: 1 1 1
Scale_Time: 600 Scale: 1 1 1
Scale_Time: 633.333 Scale: 1 1 1
Scale_Time: 666.667 Scale: 1 1 1
Scale_Time: 700 Scale: 1 1 1
Scale_Time: 733.333 Scale: 1 1 1
Scale_Time: 766.667 Scale: 1 1 1
Scale_Time: 800 Scale: 1 1 1
Scale_Time: 833.333 Scale: 1 1 1
Scale_Time: 866.667 Scale: 1 1 1
Scale_Time: 900 Scale: 1 1 1
Scale_Time: 933.333 Scale: 1 1 1
Scale_Time: 966.667 Scale: 1 1 1
Scale_Time: 1000 Scale: 1 1 1
Scale_Time: 1033.33 Scale: 1 1 1
Rotate_Time: 0 Rotation: 0.0125226 0.00367842 0.000738835 0.999915
Rotate_Time: 33.3333 Rotation: 0.0130289 0.00401085 0.00442902 0.999897
Rotate_Time: 66.6667 Rotation: 0.0140245 0.000861615 0.0066687 0.999879
Rotate_Time: 100 Rotation: 0.0151128 -0.00539985 0.00798319 0.999839
Rotate_Time: 133.333 Rotation: 0.0158925 -0.0139564 0.00923379 0.999734
Rotate_Time: 166.667 Rotation: 0.0164695 -0.0239379 0.0109507 0.999518
Rotate_Time: 200 Rotation: 0.0173344 -0.0347378 0.0128461 0.999164
Rotate_Time: 233.333 Rotation: 0.0186456 -0.0456909 0.0142816 0.998679
Rotate_Time: 266.667 Rotation: 0.0199846 -0.0558821 0.0149894 0.998125
Rotate_Time: 300 Rotation: 0.0208991 -0.0643368 0.0152285 0.997593
Rotate_Time: 333.333 Rotation: 0.0213785 -0.070364 0.0154196 0.997173
Rotate_Time: 366.667 Rotation: 0.0216207 -0.0737338 0.0158234 0.996918
Rotate_Time: 400 Rotation: 0.0214676 -0.0745304 0.0164722 0.996852
Rotate_Time: 433.333 Rotation: 0.0202909 -0.0730443 0.0171641 0.996975
Rotate_Time: 466.667 Rotation: 0.0176384 -0.0699013 0.0174524 0.997245
Rotate_Time: 500 Rotation: 0.0140917 -0.0659715 0.0168316 0.99758
Rotate_Time: 533.333 Rotation: 0.0112702 -0.0619001 0.0151564 0.997904
Rotate_Time: 566.667 Rotation: 0.0106129 -0.0578636 0.012843 0.998185
Rotate_Time: 600 Rotation: 0.0119787 -0.0538292 0.0104872 0.998423
Rotate_Time: 633.333 Rotation: 0.0136103 -0.0498446 0.00837765 0.998629
Rotate_Time: 666.667 Rotation: 0.0137188 -0.0459488 0.00657214 0.998828
Rotate_Time: 700 Rotation: 0.0120848 -0.0419583 0.00522549 0.999033
Rotate_Time: 733.333 Rotation: 0.00992757 -0.0376208 0.00445256 0.999233
Rotate_Time: 766.667 Rotation: 0.00835089 -0.032941 0.00392233 0.999415
Rotate_Time: 800 Rotation: 0.0073221 -0.0281106 0.00297559 0.999574
Rotate_Time: 833.333 Rotation: 0.00627143 -0.0232225 0.00126336 0.99971
Rotate_Time: 866.667 Rotation: 0.00527944 -0.0182865 -0.000912348 0.999818
Rotate_Time: 900 Rotation: 0.00519876 -0.0134236 -0.00287245 0.999892
Rotate_Time: 933.333 Rotation: 0.00658146 -0.00882285 -0.00395911 0.999932
Rotate_Time: 966.667 Rotation: 0.00891283 -0.00452071 -0.00372416 0.999943
Rotate_Time: 1000 Rotation: 0.0111303 -0.000385303 -0.00207941 0.999936
Rotate_Time: 1033.33 Rotation: 0.0125231 0.00367851 0.000738846 0.999915
Pos_Time: 0 Pos: 0 17.535 -1.1031
Pos_Time: 33.3333 Pos: 0 17.535 -1.1031
Pos_Time: 66.6667 Pos: 0 17.535 -1.1031
Pos_Time: 100 Pos: 0 17.535 -1.1031
Pos_Time: 133.333 Pos: 0 17.535 -1.1031
Pos_Time: 166.667 Pos: 0 17.535 -1.1031
Pos_Time: 200 Pos: 0 17.535 -1.1031
Pos_Time: 233.333 Pos: 0 17.535 -1.1031
Pos_Time: 266.667 Pos: 0 17.535 -1.1031
Pos_Time: 300 Pos: 0 17.535 -1.1031
Pos_Time: 333.333 Pos: 0 17.535 -1.1031
Pos_Time: 366.667 Pos: 0 17.535 -1.1031
Pos_Time: 400 Pos: 0 17.535 -1.1031
Pos_Time: 433.333 Pos: 0 17.535 -1.1031
Pos_Time: 466.667 Pos: 0 17.535 -1.1031
Pos_Time: 500 Pos: 0 17.535 -1.1031
Pos_Time: 533.333 Pos: 0 17.535 -1.1031
Pos_Time: 566.667 Pos: 0 17.535 -1.1031
Pos_Time: 600 Pos: 0 17.535 -1.1031
Pos_Time: 633.333 Pos: 0 17.535 -1.1031
Pos_Time: 666.667 Pos: 0 17.535 -1.1031
Pos_Time: 700 Pos: 0 17.535 -1.1031
Pos_Time: 733.333 Pos: 0 17.535 -1.1031
Pos_Time: 766.667 Pos: 0 17.535 -1.1031
Pos_Time: 800 Pos: 0 17.535 -1.1031
Pos_Time: 833.333 Pos: 0 17.535 -1.1031
Pos_Time: 866.667 Pos: 0 17.535 -1.1031
Pos_Time: 900 Pos: 0 17.535 -1.1031
Pos_Time: 933.333 Pos: 0 17.535 -1.1031
Pos_Time: 966.667 Pos: 0 17.535 -1.1031
Pos_Time: 1000 Pos: 0 17.535 -1.1031
Pos_Time: 1033.33 Pos: 0 17.535 -1.1031

#1_KeyFrame
Scale_Size: 32
Rotate_Size: 32
Pos_Size: 32
Scale_Time: 0 Scale: 1 1 1
Scale_Time: 33.3333 Scale: 1 1 1
Scale_Time: 66.6667 Scale: 1 1 1
Scale_Time: 100 Scale: 1 1 1
Scale_Time: 133.333 Scale: 1 1 1
Scale_Time: 166.667 Scale: 1 1 1
Scale_Time: 200 Scale: 1 1 1
Scale_Time: 233.333 Scale: 1 1 1
Scale_Time: 266.667 Scale: 1 1 1
Scale_Time: 300 Scale: 1 1 1
Scale_Time: 333.333 Scale: 1 1 1
Scale_Time: 366.667 Scale: 1 1 1
Scale_Time: 400 Scale: 1 1 1
Scale_Time: 433.333 Scale: 1 1 1
Scale_Time: 466.667 Scale: 1 1 1
Scale_Time: 500 Scale: 1 1 1
Scale_Time: 533.333 Scale: 1 1 1
Scale_Time: 566.667 Scale: 1 1 1
Scale_Time: 600 Scale: 1 1 1
Scale_Time: 633.333 Scale: 1 1 1
Scale_Time: 666.667 Scale: 1 1 1
Scale_Time: 700 Scale: 1 1 1
Scale_Time: 733.333 Scale: 1 1 1
Scale_Time: 766.667 Scale: 1 1 1
Scale_Time: 800 Scale: 1 1 1
Scale_Time: 833.333 Scale: 1 1 1
Scale_Time: 866.667 Scale: 1 1 1
Scale_Time: 900 Scale: 1 1 1
Scale_Time: 933.333 Scale: 1 1 1
Scale_Time: 966.667 Scale: 1 1 1
Scale_Time: 1000 Scale: 1 1 1
Scale_Time: 1033.33 Scale: 1 1 1
Rotate_Time: 0 Rotation: 0.0370987 0.366838 -0.0116754 0.929472
Rotate_Time: 33.3333 Rotation: 0.034255 0.366821 -0.0125176 0.929576
Rotate_Time: 66.6667 Rotation: 0.0290945 0.366724 -0.0144685 0.929762
Rotate_Time: 100 Rotation: 0.0232588 0.366575 -0.0169053 0.929944
Rotate_Time: 133.333 Rotation: 0.0178063 0.366393 -0.0192386 0.930091
Rotate_Time: 166.667 Rotation: 0.0127152 0.366217 -0.0208706 0.930208
Rotate_Time: 200 Rotation: 0.0074646 0.366115 -0.021351 0.930295
Rotate_Time: 233.333 Rotation: 0.0018429 0.366045 -0.0207465 0.930364
Rotate_Time: 266.667 Rotation: -0.003864 0.366041 -0.0193143 0.93039
Rotate_Time: 300 Rotation: -0.00930556 0.366052 -0.017489 0.930383
Rotate_Time: 333.333 Rotation: -0.0143011 0.366005 -0.0158549 0.930368
Rotate_Time: 366.667 Rotation: -0.0187001 0.365864 -0.0148201 0.930362
Rotate_Time: 400 Rotation: -0.0221681 0.365663 -0.0142465 0.930374
Rotate_Time: 433.333 Rotation: -0.0243649 0.365458 -0.0137435 0.930407
Rotate_Time: 466.667 Rotation: -0.0254752 0.365293 -0.0132782 0.930449
Rotate_Time: 500 Rotation: -0.0264316 0.365158 -0.0132069 0.930477
Rotate_Time: 533.333 Rotation: -0.0281277 0.364986 -0.0133019 0.930493
Rotate_Time: 566.667 Rotation: -0.0305832 0.364718 -0.0126469 0.93053
Rotate_Time: 600 Rotation: -0.0328641 0.364353 -0.0104745 0.930622
Rotate_Time: 633.333 Rotation: -0.0336796 0.363951 -0.00686483 0.930784
Rotate_Time: 666.667 Rotation: -0.0322083 0.363627 -0.00292267 0.930983
Rotate_Time: 700 Rotation: -0.0284649 0.363531 -0.000191175 0.931147
Rotate_Time: 733.333 Rotation: -0.022924 0.363758 0.000466398 0.931211
Rotate_Time: 766.667 Rotation: -0.0159382 0.364247 -0.00052746 0.931166
Rotate_Time: 800 Rotation: -0.00772679 0.364852 -0.00223986 0.931031
Rotate_Time: 833.333 Rotation: 0.00132051 0.365456 -0.00416138 0.930819
Rotate_Time: 866.667 Rotation: 0.0106203 0.365993 -0.00624604 0.930536
Rotate_Time: 900 Rotation: 0.0195868 0.366418 -0.00843591 0.930206
Rotate_Time: 933.333 Rotation: 0.0276228 0.366692 -0.0104667 0.929873
Rotate_Time: 966.667 Rotation: 0.0340302 0.366772 -0.0120137 0.929611
Rotate_Time: 1000 Rotation: 0.0382988 0.366733 -0.0129302 0.929448
Rotate_Time: 1033.33 Rotation: 0.0403234 0.364478 -0.0129854 0.930248
Pos_Time: 0 Pos: 0.248129 53.881 0.336021
Pos_Time: 33.3333 Pos: 0.303393 54.013 -0.131226
Pos_Time: 66.6667 Pos: 0.362511 54.1844 -0.684895
Pos_Time: 100 Pos: 0.400674 54.3503 -1.25775
Pos_Time: 133.333 Pos: 0.376933 54.5011 -1.77771
Pos_Time: 166.667 Pos: 0.260456 54.6503 -2.18814
Pos_Time: 200 Pos: 0.0486502 54.8078 -2.45803
Pos_Time: 233.333 Pos: -0.253294 54.9553 -2.57994
Pos_Time: 266.667 Pos: -0.643991 55.0987 -2.59738
Pos_Time: 300 Pos: -1.13 55.1912 -2.51196
Pos_Time: 333.333 Pos: -1.71376 55.197 -2.30555
Pos_Time: 366.667 Pos: -2.3784 55.1267 -1.9691
Pos_Time: 400 Pos: -3.08257 55.0285 -1.5047
Pos_Time: 433.333 Pos: -3.77364 54.9486 -0.919626
Pos_Time: 466.667 Pos: -4.41361 54.8926 -0.222947
Pos_Time: 500 Pos: -4.98133 54.8852 0.590937
Pos_Time: 533.333 Pos: -5.46459 54.9221 1.5218
Pos_Time: 566.667 Pos: -5.82726 54.9898 2.53964
Pos_Time: 600 Pos: -6.00559 55.0969 3.57591
Pos_Time: 633.333 Pos: -5.95578 55.2341 4.52655
Pos_Time: 666.667 Pos: -5.6874 55.3816 5.29831
Pos_Time: 700 Pos: -5.25208 55.4942 5.83218
Pos_Time: 733.333 Pos: -4.70875 55.5188 6.0972
Pos_Time: 766.667 Pos: -4.1034 55.4526 6.10281
Pos_Time: 800 Pos: -3.46581 55.3352 5.89258
Pos_Time: 833.333 Pos: -2.81408 55.1935 5.50458
Pos_Time: 866.667 Pos: -2.16481 55.0219 4.9498
Pos_Time: 900 Pos: -1.54204 54.8145 4.23429
Pos_Time: 933.333 Pos: -0.96995 54.5868 3.37795
Pos_Time: 966.667 Pos: -0.469297 54.3399 2.4312
Pos_Time: 1000 Pos: -0.0540029 54.104 1.40525
Pos_Time: 1033.33 Pos: 0.249343 53.9043 0.342501

#2_KeyFrame
Scale_Size: 32
Rotate_Size: 32
Pos_Size: 32
Scale_Time: 0 Scale: 1 1 1
Scale_Time: 33.3333 Scale: 1 1 1
Scale_Time: 66.6667 Scale: 1 1 1
Scale_Time: 100 Scale: 1 1 1
Scale_Time: 133.333 Scale: 1 1 1
Scale_Time: 166.667 Scale: 1 1 1
Scale_Time: 200 Scale: 1 1 1
Scale_Time: 233.333 Scale: 1 1 1
Scale_Time: 266.667 Scale: 1 1 1
Scale_Time: 300 Scale: 1 1 1
Scale_Time: 333.333 Scale: 1 1 1
Scale_Time: 366.667 Scale: 1 1 1
Scale_Time: 400 Scale: 1 1 1
Scale_Time: 433.333 Scale: 1 1 1
Scale_Time: 466.667 Scale: 1 1 1
Scale_Time: 500 Scale: 1 1 1
Scale_Time: 533.333 Scale: 1 1 1
Scale_Time: 566.667 Scale: 1 1 1
Scale_Time: 600 Scale: 1 1 1
Scale_Time: 633.333 Scale: 1 1 1
Scale_Time: 666.667 Scale: 1 1 1
Scale_Time: 700 Scale: 1 1 1
Scale_Time: 733.333 Scale: 1 1 1
Scale_Time: 766.667 Scale: 1 1 1
Scale_Time: 800 Scale: 1 1 1
Scale_Time: 833.333 Scale: 1 1 1
Scale_Time: 866.667 Scale: 1 1 1
Scale_Time: 900 Scale: 1 1 1
Scale_Time: 933.333 Scale: 1 1 1
Scale_Time: 966.667 Scale: 1 1 1
Scale_Time: 1000 Scale: 1 1 1
Scale_Time: 1033.33 Scale: 1 1 1
Rotate_Time: 0 Rotation: -0.368165 0.103161 0.054746 0.922397
Rotate_Time: 33.3333 Rotation: -0.367624 0.101259 0.0557335 0.922764
Rotate_Time: 66.6667 Rotation: -0.365721 0.100381 0.0549348 0.923663
Rotate_Time: 100 Rotation: -0.362525 0.100175 0.0533946 0.925035
Rotate_Time: 133.333 Rotation: -0.35811 0.100028 0.0530741 0.926787
Rotate_Time: 166.667 Rotation: -0.352788 0.0994977 0.0559322 0.928715
Rotate_Time: 200 Rotation: -0.347442 0.0986305 0.062561 0.930399
Rotate_Time: 233.333 Rotation: -0.343311 0.0976773 0.0716417 0.931378
Rotate_Time: 266.667 Rotation: -0.341028 0.0967264 0.0805035 0.931592
Rotate_Time: 300 Rotation: -0.340072 0.0957125 0.0867119 0.931489
Rotate_Time: 333.333 Rotation: -0.339379 0.0945487 0.0898386 0.931564
Rotate_Time: 366.667 Rotation: -0.338534 0.0931316 0.0917842 0.931825
Rotate_Time: 400 Rotation: -0.338269 0.0914023 0.0948979 0.93178
Rotate_Time: 433.333 Rotation: -0.339611 0.0895559 0.0995178 0.930989
Rotate_Time: 466.667 Rotation: -0.342508 0.0881541 0.103668 0.929608
Rotate_Time: 500 Rotation: -0.345533 0.0878555 0.105183 0.928345
Rotate_Time: 533.333 Rotation: -0.347047 0.0888673 0.103529 0.92787
Rotate_Time: 566.667 Rotation: -0.346395 0.0907568 0.0994931 0.928372
Rotate_Time: 600 Rotation: -0.343891 0.0928812 0.0940052 0.929664
Rotate_Time: 633.333 Rotation: -0.340214 0.0948214 0.0878833 0.931418
Rotate_Time: 666.667 Rotation: -0.336417 0.0964226 0.0822241 0.933148
Rotate_Time: 700 Rotation: -0.333982 0.0977447 0.0781234 0.934237
Rotate_Time: 733.333 Rotation: -0.33387 0.09906 0.0757183 0.934337
Rotate_Time: 766.667 Rotation: -0.335459 0.100657 0.0738709 0.933744
Rotate_Time: 800 Rotation: -0.337136 0.102537 0.0711267 0.933149
Rotate_Time: 833.333 Rotation: -0.338013 0.104366 0.0669795 0.932936
Rotate_Time: 866.667 Rotation: -0.338706 0.105719 0.062252 0.932859
Rotate_Time: 900 Rotation: -0.340572 0.106309 0.0583806 0.932363
Rotate_Time: 933.333 Rotation: -0.344594 0.106087 0.0562306 0.931042
Rotate_Time: 966.667 Rotation: -0.350926 0.105266 0.0554862 0.928812
Rotate_Time: 1000 Rotation: -0.359033 0.1042 0.055209 0.925845
Rotate_Time: 1033.33 Rotation: -0.368164 0.103161 0.0547461 0.922397
Pos_Time: 0 Pos: 0 10.4392 -0
Pos_Time: 33.3333 Pos: 0 10.4392 -0
Pos_Time: 66.6667 Pos: 0 10.4392 -0
Pos_Time: 100 Pos: 0 10.4392 -0
Pos_Time: 133.333 Pos: 0 10.4392 -0
Pos_Time: 166.667 Pos: 0 10.4392 -0
Pos_Time: 200 Pos: 0 10.4392 -0
Pos_Time: 233.333 Pos: 0 10.4392 -0
Pos_Time: 266.667 Pos: 0 10.4392 -0
Pos_Time: 300 Pos: 0 10.4392 -0
Pos_Time: 333.333 Pos: 0 10.4392 -0
Pos_Time: 366.667 Pos: 0 10.4392 -0
Pos_Time: 400 Pos: 0 10.4392 -0
Pos_Time: 433.333 Pos: 0 10.4392 -0
Pos_Time: 466.667 Pos: 0 10.4392 -0
Pos_Time: 500 Pos: 0 10.4392 -0
Pos_Time: 533.333 Pos: 0 10.4392 -0
Pos_Time: 566.667 Pos: 0 10.4392 -0
Pos_Time: 600 Pos: 0 10.4392 -0
Pos_Time: 633.333 Pos: 0 10.4392 -0
Pos_Time: 666.667 Pos: 0 10.4392 -0
Pos_Time: 700 Pos: 0 10.4392 -0
Pos_Time: 733.333 Pos: 0 10.4392 -0
Pos_Time: 766.667 Pos: 0 10.4392 -0
Pos_Time: 800 Pos: 0 10.4392 -0
Pos_Time: 833.333 Pos: 0 10.4392 -0
Pos_Time: 866.667 Pos: 0 10.4392 -0
Pos_Time: 900 Pos: 0 10.4392 -0
Pos_Time: 933.333 Pos: 0 10.4392 -0
Pos_Time: 966.667 Pos: 0 10.4392 -0
Pos_Time: 1000 Pos: 0 10.4392 -0
Pos_Time: 1033.33 Pos: 0 10.4392 -0

#3_KeyFrame
Scale_Size: 32
Rotate_Size: 32
Pos_Size: 32
Scale_Time: 0 Scale: 1 1 1
Scale_Time: 33.3333 Scale: 1 1 1
Scale_Time: 66.6667 Scale: 1 1 1
Scale_Time: 100 Scale: 1 1 1
Scale_Time: 133.333 Scale: 1 1 1
Scale_Time: 166.667 Scale: 1 1 1
Scale_Time: 200 Scale: 1 1 1
Scale_Time: 233.333 Scale: 1 1 1
Scale_Time: 266.667 Scale: 1 1 1
Scale_Time: 300 Scale: 1 1 1
Scale_Time: 333.333 Scale: 1 1 1
Scale_Time: 366.667 Scale: 1 1 1
Scale_Time: 400 Scale: 1 1 1
Scale_Time: 433.333 Scale: 1 1 1
Scale_Time: 466.667 Scale: 1 1 1
Scale_Time: 500 Scale: 1 1 1
Scale_Time: 533.333 Scale: 1 1 1
Scale_Time: 566.667 Scale: 1 1 1
Scale_Time: 600 Scale: 1 1 1
Scale_Time: 633.333 Scale: 1 1 1
Scale_Time: 666.667 Scale: 1 1 1
Scale_Time: 700 Scale: 1 1 1
Scale_Time: 733.333 Scale: 1 1 1
Scale_Time: 766.667 Scale: 1 1 1
Scale_Time: 800 Scale: 1 1 1
Scale_Time: 833.333 Scale: 1 1 1
Scale_Time: 866.667 Scale: 1 1 1
Scale_Time: 900 Scale: 1 1 1
Scale_Time: 933.333 Scale: 1 1 1
Scale_Time: 966.667 Scale: 1 1 1
Scale_Time: 1000 Scale: 1 1 1
Scale_Time: 1033.33 Scale: 1 1 1
Rotate_Time: 0 Rotation: -0.474305 0.0574697 -0.0525288 0.876911
Rotate_Time: 33.3333 Rotation: -0.473338 0.0568402 -0.0514323 0.877539
Rotate_Time: 66.6667 Rotation: -0.474278 0.0560393 -0.0497869 0.877178
Rotate_Time: 100 Rotation: -0.476533 0.0546004 -0.046894 0.876205
Rotate_Time: 133.333 Rotation: -0.478572 0.0524697 -0.0429762 0.875425
Rotate_Time: 166.667 Rotation: -0.478668 0.0504193 -0.0396936 0.875648
Rotate_Time: 200 Rotation: -0.475998 0.0494979 -0.0388554 0.877192
Rotate_Time: 233.333 Rotation: -0.471077 0.0501428 -0.0409795 0.879712
Rotate_Time: 266.667 Rotation: -0.464415 0.0518676 -0.0450439 0.882949
Rotate_Time: 300 Rotation: -0.457688 0.0540121 -0.0498721 0.886069
Rotate_Time: 333.333 Rotation: -0.452221 0.0564615 -0.0553208 0.888397
Rotate_Time: 366.667 Rotation: -0.447616 0.059501 -0.06198 0.890089
Rotate_Time: 400 Rotation: -0.446029 0.0630981 -0.0699329 0.890049
Rotate_Time: 433.333 Rotation: -0.453737 0.0671996 -0.0791317 0.885068
Rotate_Time: 466.667 Rotation: -0.464879 0.0715753 -0.0892805 0.877948
Rotate_Time: 500 Rotation: -0.476718 0.0762342 -0.100677 0.869938
Rotate_Time: 533.333 Rotation: -0.489978 0.080949 -0.111863 0.86073
Rotate_Time: 566.667 Rotation: -0.504427 0.0847519 -0.12028 0.850825
Rotate_Time: 600 Rotation: -0.523036 0.0843392 -0.117999 0.839879
Rotate_Time: 633.333 Rotation: -0.538972 0.0808983 -0.106394 0.831652
Rotate_Time: 666.667 Rotation: -0.537525 0.0788615 -0.0968637 0.833946
Rotate_Time: 700 Rotation: -0.513284 0.0768042 -0.0890584 0.850123
Rotate_Time: 733.333 Rotation: -0.458949 0.0856942 -0.107312 0.877785
Rotate_Time: 766.667 Rotation: -0.430561 0.0849589 -0.104685 0.892435
Rotate_Time: 800 Rotation: -0.411368 0.082446 -0.0997846 0.902232
Rotate_Time: 833.333 Rotation: -0.39915 0.0761458 -0.0881052 0.90946
Rotate_Time: 866.667 Rotation: -0.391328 0.0665973 -0.0700767 0.915159
Rotate_Time: 900 Rotation: -0.388293 0.0568037 -0.0515841 0.918336
Rotate_Time: 933.333 Rotation: -0.397372 0.0500185 -0.0390331 0.915462
Rotate_Time: 966.667 Rotation: -0.432969 0.0504119 -0.0400075 0.899108
Rotate_Time: 1000 Rotation: -0.460585 0.0524489 -0.0437085 0.884986
Rotate_Time: 1033.33 Rotation: -0.46992 0.0527482 -0.0442947 0.880018
Pos_Time: 0 Pos: 0 20.0861 -0
Pos_Time: 33.3333 Pos: 0 20.0861 -0
Pos_Time: 66.6667 Pos: 0 20.0861 -0
Pos_Time: 100 Pos: 0 20.0861 -0
Pos_Time: 133.333 Pos: 0 20.0861 -0
Pos_Time: 166.667 Pos: 0 20.0861 -0
Pos_Time: 200 Pos: 0 20.0861 -0
Pos_Time: 233.333 Pos: 0 20.0861 -0
Pos_Time: 266.667 Pos: 0 20.0861 -0
Pos_Time: 300 Pos: 0 20.0861 -0
Pos_Time: 333.333 Pos: 0 20.0861 -0
Pos_Time: 366.667 Pos: 0 20.0861 -0
Pos_Time: 400 Pos: 0 20.0861 -0
Pos_Time: 433.333 Pos: 0 20.0861 -0
Pos_Time: 466.667 Pos: 0 20.0861 -0
Pos_Time: 500 Pos: 0 20.0861 -0
Pos_Time: 533.333 Pos: 0 20.0861 -0
Pos_Time: 566.667 Pos: 0 20.0861 -0
Pos_Time: 600 Pos: 0 20.0861 -0
Pos_Time: 633.333 Pos: 0 20.0861 -0
Pos_Time: 666.667 Pos: 0 20.0861 -0
Pos_Time: 700 Pos: 0 20.0861 -0
Pos_Time: 733.333 Pos: 0 20.0861 -0
Pos_Time: 766.667 Pos: 0 20.0861 -0
Pos_Time: 800 Pos: 0 20.0861 -0
Pos_Time: 833.333 Pos: 0 20.0861 -0
Pos_Time: 866.667 Pos: 0 20.0861 -0
Pos_Time: 900 Pos: 0 20.0861 -0
Pos_Time: 933.333 Pos: 0 20.0861 -0
Pos_Time: 966.667 Pos: 0 20.0861 -0
Pos_Time: 1000 Pos: 0 20.0861 -0
Pos_Time: 1033.33 Pos: 0 20.0861 -0

#4_KeyFrame
Scale_Size: 32
Rotate_Size: 32
Pos_Size: 32
Scale_Time: 0 Scale: 1 1 1
Scale_Time: 33.3333 Scale: 1 1 1
Scale_Time: 66.6667 Scale: 1 1 1
Scale_Time: 100 Scale: 1 1 1
Scale_Time: 133.333 Scale: 1 1 1
Scale_Time: 166.667 Scale: 1 1 1
Scale_Time: 200 Scale: 1 1 1
Scale_Time: 233.333 Scale: 1 1 1
Scale_Time: 266.667 Scale: 1 1 1
Scale_Time: 300 Scale: 1 1 1
Scale_Time: 333.333 Scale: 1 1 1
Scale_Time: 366.667 Scale: 1 1 1
Scale_Time: 400 Scale: 1 1 1
Scale_Time: 433.333 Scale: 1 1 1
Scale_Time: 466.667 Scale: 1 1 1
Scale_Time: 500 Scale: 1 1 1
Scale_Time: 533.333 Scale: 1 1 1
Scale_Time: 566.667 Scale: 1 1 1
Scale_Time: 600 Scale: 1 1 1
Scale_Time: 633.333 Scale: 1 1 1
Scale_Time: 666.667 Scale: 1 1 1
Scale_Time: 700 Scale: 1 1 1
Scale_Time: 733.333 Scale: 1 1 1
Scale_Time: 766.667 Scale: 1 1 1
Scale_Time: 800 Scale: 1 1 1
Scale_Time: 833.333 Scale: 1 1 1
Scale_Time: 866.667 Scale: 1 1 1
Scale_Time: 900 Scale: 1 1 1
Scale_Time: 933.333 Scale: 1 1 1
Scale_Time: 966.667 Scale: 1 1 1
Scale_Time: 1000 Scale: 1 1 1
Scale_Time: 1033.33 Scale: 1 1 1
Rotate_Time: 0 Rotation: 0.00129069 -0.056663 0.405178 0.912479
Rotate_Time: 33.3333 Rotation: 0.001013 -0.0606476 0.4065 0.911635
Rotate_Time: 66.6667 Rotation: 0.00198026 -0.0646738 0.409982 0.909796
Rotate_Time: 100 Rotation: 0.00331609 -0.0674361 0.414726 0.907438
Rotate_Time: 133.333 Rotation: 0.00394813 -0.0685763 0.418499 0.905616
Rotate_Time: 166.667 Rotation: 0.00319747 -0.0688932 0.418621 0.905538
Rotate_Time: 200 Rotation: 0.00115248 -0.0691115 0.413923 0.907684
Rotate_Time: 233.333 Rotation: -0.00144878 -0.069124 0.406105 0.911207
Rotate_Time: 266.667 Rotation: -0.00349082 -0.0686424 0.39937 0.91421
Rotate_Time: 300 Rotation: -0.00402238 -0.0678202 0.397966 0.914881
Rotate_Time: 333.333 Rotation: -0.00299858 -0.0669257 0.403123 0.91269
Rotate_Time: 366.667 Rotation: -0.00132727 -0.0660564 0.412088 0.908746
Rotate_Time: 400 Rotation: 8.93046e-05 -0.0654092 0.420499 0.904932
Rotate_Time: 433.333 Rotation: 0.00116532 -0.0651673 0.425919 0.902411
Rotate_Time: 466.667 Rotation: 0.00236659 -0.0649286 0.428919 0.901004
Rotate_Time: 500 Rotation: 0.00387756 -0.0638464 0.431069 0.900049
Rotate_Time: 533.333 Rotation: 0.0053151 -0.0616578 0.432956 0.899288
Rotate_Time: 566.667 Rotation: 0.00621314 -0.0592147 0.434394 0.898753
Rotate_Time: 600 Rotation: 0.00637806 -0.0576178 0.435211 0.898461
Rotate_Time: 633.333 Rotation: 0.0056419 -0.0570941 0.434728 0.898732
Rotate_Time: 666.667 Rotation: 0.00375284 -0.0570242 0.431328 0.900383
Rotate_Time: 700 Rotation: 0.000902341 -0.0567664 0.423862 0.903946
Rotate_Time: 733.333 Rotation: -0.001959 -0.0560374 0.413622 0.908721
Rotate_Time: 766.667 Rotation: -0.00377351 -0.0547534 0.404216 0.913015
Rotate_Time: 800 Rotation: -0.00423096 -0.0530786 0.399055 0.91538
Rotate_Time: 833.333 Rotation: -0.00369522 -0.0516832 0.398863 0.915545
Rotate_Time: 866.667 Rotation: -0.00264997 -0.0513288 0.401582 0.91438
Rotate_Time: 900 Rotation: -0.00152954 -0.0519732 0.404421 0.913094
Rotate_Time: 933.333 Rotation: -0.000665783 -0.0528646 0.405869 0.912401
Rotate_Time: 966.667 Rotation: -7.88806e-05 -0.0536421 0.406032 0.912283
Rotate_Time: 1000 Rotation: 0.000493406 -0.0547222 0.405642 0.912392
Rotate_Time: 1033.33 Rotation: 0.00129065 -0.0566629 0.405178 0.912479
Pos_Time: 0 Pos: 0 16.8656 -0
Pos_Time: 33.3333 Pos: 0 16.8656 -0
Pos_Time: 66.6667 Pos: 0 16.8656 -0
Pos_Time: 100 Pos: 0 16.8656 -0
Pos_Time: 133.333 Pos: 0 16.8656 -0
Pos_Time: 166.667 Pos: 0 16.8656 -0
Pos_Time: 200 Pos: 0 16.8656 -0
Pos_Time: 233.333 Pos: 0 16.8656 -0
Pos_Time: 266.667 Pos: 0 16.8656 -0
Pos_Time: 300 Pos: 0 16.8656 -0
Pos_Time: 333.333 Pos: 0 16.8656 -0
Pos_Time: 366.667 Pos: 0 16.8656 -0
Pos_Time: 400 Pos: 0 16.8656 -0
Pos_Time: 433.333 Pos: 0 16.8656 -0
Pos_Time: 466.667 Pos: 0 16.8656 -0
Pos_Time: 500 Pos: 0 16.8656 -0
Pos_Time: 533.333 Pos: 0 16.8656 -0
Pos_Time: 566.667 Pos: 0 16.8656 -0
Pos_Time: 600 Pos: 0 16.8656 -0
Pos_Time: 633.333 Pos: 0 16.8656 -0
Pos_Time: 666.667 Pos: 0 16.8656 -0
Pos_Time: 700 Pos: 0 16.8656 -0
Pos_Time: 733.333 Pos: 0 16.8656 -0
Pos_Time: 766.667 Pos: 0 16.8656 -0
Pos_Time: 800 Pos: 0 16.8656 -0
Pos_Time: 833.333 Pos: 0 16.8656 -0
Pos_Time: 866.667 Pos: 0 16.8656 -0
Pos_Time: 900 Pos: 0 16.8656 -0
Pos_Time: 933.333 Pos: 0 16.8656 -0
Pos_Time: 966.667 Pos: 0 16.8656 -0
Pos_Time: 1000 Pos: 0 16.8656 -0
Pos_Time: 1033.33 Pos: 0 16.8656 -0

#5_KeyFrame
Scale_Size: 32
Rotate_Size: 32
Pos_Size: 32
Scale_Time: 0 Scale: 1 1 1
Scale_Time: 33.3333 Scale: 1 1 1
Scale_Time: 66.6667 Scale: 1 1 1
Scale_Time: 100 Scale: 1 1 1
Scale_Time: 133.333 Scale: 1 1 1
Scale_Time: 166.667 Scale: 1 1 1
Scale_Time: 200 Scale: 1 1 1
Scale_Time: 233.333 Scale: 1 1 1
Scale_Time: 266.667 Scale: 1 1 1
Scale_Time: 300 Scale: 1 1 1
Scale_Time: 333.333 Scale: 1 1 1
Scale_Time: 366.667 Scale: 1 1 1
Scale_Time: 400 Scale: 1 1 1
Scale_Time: 433.333 Scale: 1 1 1
Scale_Time: 466.667 Scale: 1 1 1
Scale_Time: 500 Scale: 1 1 1
Scale_Time: 533.333 Scale: 1 1 1
Scale_Time: 566.667 Scale: 1 1 1
Scale_Time: 600 Scale: 1 1 1
Scale_Time: 633.333 Scale: 1 1 1
Scale_Time: 666.667 Scale: 1 1 1
Scale_Time: 700 Scale: 1 1 1
Scale_Time: 733.333 Scale: 1 1 1
Scale_Time: 766.667 Scale: 1 1 1
Scale_Time: 800 Scale: 1 1 1
Scale_Time: 833.333 Scale: 1 1 1
Scale_Time: 866.667 Scale: 1 1 1
Scale_Time: 900 Scale: 1 1 1
Scale_Time: 933.333 Scale: 1 1 1
Scale_Time: 966.667 Scale: 1 1 1
Scale_Time: 1000 Scale: 1 1 1
Scale_Time: 1033.33 Scale: 1 1 1
Rotate_Time: 0 Rotation: 0.160905 -0.140198 0.0165422 0.976822
Rotate_Time: 33.3333 Rotation: 0.162087 -0.142027 0.0229733 0.976232
Rotate_Time: 66.6667 Rotation: 0.163128 -0.145621 0.0270638 0.975424
Rotate_Time: 100 Rotation: 0.162763 -0.148852 0.0268676 0.975002
Rotate_Time: 133.333 Rotation: 0.160847 -0.150142 0.0233368 0.975213
Rotate_Time: 166.667 Rotation: 0.1592 -0.149485 0.020142 0.975656
Rotate_Time: 200 Rotation: 0.160059 -0.147895 0.0198728 0.975763
Rotate_Time: 233.333 Rotation: 0.163497 -0.146129 0.0218521 0.975416
Rotate_Time: 266.667 Rotation: 0.167225 -0.144497 0.0239578 0.974978
Rotate_Time: 300 Rotation: 0.169095 -0.143143 0.025096 0.974827
Rotate_Time: 333.333 Rotation: 0.16914 -0.141953 0.0254144 0.974985
Rotate_Time: 366.667 Rotation: 0.168907 -0.140703 0.0255447 0.975203
Rotate_Time: 400 Rotation: 0.169432 -0.139563 0.0263815 0.975253
Rotate_Time: 433.333 Rotation: 0.170273 -0.139076 0.0284655 0.975118
Rotate_Time: 466.667 Rotation: 0.170213 -0.139381 0.03091 0.97501
Rotate_Time: 500 Rotation: 0.168626 -0.139785 0.0319282 0.975195
Rotate_Time: 533.333 Rotation: 0.16612 -0.139495 0.0310048 0.975697
Rotate_Time: 566.667 Rotation: 0.16388 -0.138576 0.0294491 0.976255
Rotate_Time: 600 Rotation: 0.162501 -0.137678 0.0281087 0.976651
Rotate_Time: 633.333 Rotation: 0.161666 -0.136901 0.0258112 0.976963
Rotate_Time: 666.667 Rotation: 0.160845 -0.135623 0.0214252 0.977382
Rotate_Time: 700 Rotation: 0.159889 -0.133642 0.0166322 0.977905
Rotate_Time: 733.333 Rotation: 0.158875 -0.131698 0.0147621 0.978364
Rotate_Time: 766.667 Rotation: 0.158022 -0.130445 0.0167129 0.978639
Rotate_Time: 800 Rotation: 0.158185 -0.129801 0.019707 0.978642
Rotate_Time: 833.333 Rotation: 0.16041 -0.129765 0.0207503 0.978263
Rotate_Time: 866.667 Rotation: 0.163909 -0.13074 0.0198943 0.977571
Rotate_Time: 900 Rotation: 0.165788 -0.132499 0.0191014 0.977033
Rotate_Time: 933.333 Rotation: 0.164284 -0.134111 0.0191324 0.977067
Rotate_Time: 966.667 Rotation: 0.16116 -0.135364 0.0190385 0.977416
Rotate_Time: 1000 Rotation: 0.159535 -0.137105 0.0180639 0.977458
Rotate_Time: 1033.33 Rotation: 0.160905 -0.140197 0.0165424 0.976822
Pos_Time: 0 Pos: 0 21.1326 -0
Pos_Time: 33.3333 Pos: 0 21.1326 -0
Pos_Time: 66.6667 Pos: 0 21.1326 -0
Pos_Time: 100 Pos: 0 21.1326 -0
Pos_Time: 133.333 Pos: 0 21.1326 -0
Pos_Time: 166.667 Pos: 0 21.1326 -0
Pos_Time: 200 Pos: 0 21.1326 -0
Pos_Time: 233.333 Pos: 0 21.1326 -0
Pos_Time: 266.667 Pos: 0 21.1326 -0
Pos_Time: 300 Pos: 0 21.1326 -0
Pos_Time: 333.333 Pos: 0 21.1326 -0
Pos_Time: 366.667 Pos: 0 21.1326 -0
Pos_Time: 400 Pos: 0 21.1326 -0
Pos_Time: 433.333 Pos: 0 21.1326 -0
Pos_Time: 466.667 Pos: 0 21.1326 -0
Pos_Time: 500 Pos: 0 21.1326 -0
Pos_Time: 533.333 Pos: 0 21.1326 -0
Pos_Time: 566.667 Pos: 0 21.1326 -0
Pos_Time: 600 Pos: 0 21.1326 -0
Pos_Time: 633.333 Pos: 0 21.1326 -0
Pos_Time: 666.667 Pos: 0 21.1326 -0
Pos_Time: 700 Pos: 0 21.1326 -0
Pos_Time: 733.333 Pos: 0 21.1326 -0
Pos_Time: 766.667 Pos: 0 21.1326 -0
Pos_Time: 800 Pos: 0 21.1326 -0
Pos_Time: 833.333 Pos: 0 21.1326 -0
Pos_Time: 866.667 Pos: 0 21.1326 -0
Pos_Time: 900 Pos: 0 21.1326 -0
Pos_Time: 933.333 Pos: 0 21.1326 -0
Pos_Time: 966.667 Pos: 0 21.1326 -0
Pos_Time: 1000 Pos: 0 21.1326 -0
Pos_Time: 1033.33 Pos: 0 21.1326 -0

#6_KeyFrame
Scale_Size: 32
Rotate_Size: 32
Pos_Size: 32
Scale_Time: 0 Scale: 1 1 1
Scale_Time: 33.3333 Scale: 1 1 1
Scale_Time: 66.6667 Scale: 1 1 1
Scale_Time: 100 Scale: 1 1 1
Scale_Time: 133.333 Scale: 1 1 1
Scale_Time: 166.667 Scale: 1 1 1
Scale_Time: 200 Scale: 1 1 1
Scale_Time: 233.333 Scale: 1 1 1
Scale_Time: 266.667 Scale: 1 1 1
Scale_Time: 300 Scale: 1 1 1
Scale_Time: 333.333 Scale: 1 1 1
Scale_Time: 366.667 Scale: 1 1 1
Scale_Time: 400 Scale: 1 1 1
Scale_Time: 433.333 Scale: 1 1 1
Scale_Time: 466.667 Scale: 1 1 1
Scale_Time: 500 Scale: 1 1 1
Scale_Time: 533.333 Scale: 1 1 1
Scale_Time: 566.667 Scale: 1 1 1
Scale_Time: 600 Scale: 1 1 1
Scale_Time: 633.333 Scale: 1 1 1
Scale_Time: 666.667 Scale: 1 1 1
Scale_Time: 700 Scale: 1 1 1
Scale_Time: 733.333 Scale: 1 1 1
Scale_Time: 766.667 Scale: 1 1 1
Scale_Time: 800 Scale: 1 1 1
Scale_Time: 833.333 Scale: 1 1 1
Scale_Time: 866.667 Scale: 1 1 1
Scale_Time: 900 Scale: 1 1 1
Scale_Time: 933.333 Scale: 1 1 1
Scale_Time: 966.667 Scale: 1 1 1
Scale_Time: 1000 Scale: 1 1 1
Scale_Time: 1033.33 Scale: 1 1 1
Rotate_Time: 0 Rotation: -0.0328821 0.0106795 0.0630625 0.997411
Rotate_Time: 33.3333 Rotation: -0.0327746 0.0106859 0.0630548 0.997415
Rotate_Time: 66.6667 Rotation: -0.0326206 0.0106955 0.0630435 0.99742
Rotate_Time: 100 Rotation: -0.0325167 0.0107018 0.0630361 0.997424
Rotate_Time: 133.333 Rotation: -0.0325445 0.0107 0.0630381 0.997423
Rotate_Time: 166.667 Rotation: -0.0325117 0.0107022 0.0630358 0.997424
Rotate_Time: 200 Rotation: -0.032048 0.0107315 0.0630023 0.997441
Rotate_Time: 233.333 Rotation: -0.0316421 0.0107559 0.062973 0.997456
Rotate_Time: 266.667 Rotation: -0.0336234 0.0106325 0.0631157 0.997383
Rotate_Time: 300 Rotation: -0.0409969 0.010181 0.0636453 0.997078
Rotate_Time: 333.333 Rotation: -0.054944 0.0093264 0.0646377 0.996351
Rotate_Time: 366.667 Rotation: -0.0743102 0.00813144 0.0659958 0.995016
Rotate_Time: 400 Rotation: -0.0971137 0.00671683 0.0675652 0.992955
Rotate_Time: 433.333 Rotation: -0.121656 0.00518861 0.0692181 0.990142
Rotate_Time: 466.667 Rotation: -0.146529 0.00363272 0.0708552 0.986659
Rotate_Time: 500 Rotation: -0.170339 0.0021356 0.0723852 0.982721
Rotate_Time: 533.333 Rotation: -0.191626 0.000790555 0.0737223 0.978695
Rotate_Time: 566.667 Rotation: -0.208842 -0.000302188 0.0747822 0.975086
Rotate_Time: 600 Rotation: -0.220407 -0.00103962 0.075484 0.972482
Rotate_Time: 633.333 Rotation: -0.225129 -0.00134102 0.0757679 0.971377
Rotate_Time: 666.667 Rotation: -0.222804 -0.00119162 0.0756281 0.971925
Rotate_Time: 700 Rotation: -0.214246 -0.000646004 0.0751111 0.973887
Rotate_Time: 733.333 Rotation: -0.200678 0.00021598 0.0742821 0.976837
Rotate_Time: 766.667 Rotation: -0.183243 0.00132041 0.0731993 0.980338
Rotate_Time: 800 Rotation: -0.162978 0.00259941 0.071916 0.984002
Rotate_Time: 833.333 Rotation: -0.140937 0.00398342 0.0704904 0.987498
Rotate_Time: 866.667 Rotation: -0.118176 0.00540574 0.0689863 0.990579
Rotate_Time: 900 Rotation: -0.0957344 0.00680335 0.0674712 0.993094
Rotate_Time: 933.333 Rotation: -0.0748019 0.00810132 0.0660299 0.994977
Rotate_Time: 966.667 Rotation: -0.0567972 0.00921147 0.0647686 0.99624
Rotate_Time: 1000 Rotation: -0.0427457 0.0100741 0.0637706 0.996998
Rotate_Time: 1033.33 Rotation: -0.032882 0.0106794 0.0630624 0.997411
