***************Animation_File_Header***************
#Nodes: 58
#KeyFrames: 38
#Duration: 1033.33
#TicksPerSecond: 30
#GlobalInverseTransform: 1 -0 0 0 -0 1 0 0 0 -0 1 0 0 -0 0 1 
#RootBoneName: mixamorig1:Hips
#RootBoneIndex: 1

***********************Nodes***********************
#0_Matrix: 1 0 -0 0 0 1 -0 0 -0 -0 1 -0 0 0 -0 1 
#1_Matrix: 1 0 -0 0 0 1 -0 0 -0 -0 1 -0 0 58.2716 -0 1 
#2_Matrix: 1 0 -0 0 0 0.99945 0.0331744 0 -0 -0.0331744 0.99945 -0 0 7.7421 0.257 1 
#3_Matrix: 1 0 -0 0 0 1 -0 0 -0 -0 1 -0 0 9.0375 -0 1 
#4_Matrix: 1 0 -0 0 0 1 -0 0 -0 -0 1 -0 0 10.3285 -0 1 
#5_Matrix: 1 0 -0 0 0 0.99945 -0.0331744 0 -0 0.0331744 0.99945 -0 0 11.6196 -0 1 
#6_Matrix: 1 0 -0 0 0 1 -0 0 -0 -0 1 -0 0 17.535 -1.1031 1 
#7_Matrix: 1 0 -0 0 0 1 -0 0 -0 -0 1 -0 0 43.559 -2.7403 1 
#8_Matrix: -0.0094892 -0.000142206 0.999955 0 0.93837 -0.345519 0.00885564 0 0.345502 0.938412 0.00341214 -0 4.8535 9.7608 0.0481 1 
#9_Matrix: 0.999932 0.00655165 0.00966931 0 -0.00948928 0.93837 0.345502 0 -0.00680978 -0.34557 0.938368 -0 0 10.4392 -0 1 
#10_Matrix: 0.999997 -1.30676e-08 -0.0025577 0 6.98492e-10 1 -0 0 0.0025577 7.45058e-09 0.999997 -0 0 16.8656 -0 1 
#11_Matrix: 0.99998 -0.00612923 0.00122811 0 0.0061337 0.999974 -0.00366654 0 -0.00120562 0.003674 0.999993 -0 0 21.1326 -0 1 
#12_Matrix: 0.694833 0.718986 -0.0163247 0 -0.640634 0.608479 -0.468338 0 -0.326795 0.335875 0.883398 -0 -2.6652 3.8611 -1.4899 1 
#13_Matrix: 0.856963 -0.515378 -0.000256964 0 0.515378 0.856963 -7.39135e-05 0 0.000258302 -6.90985e-05 1 -0 1.0176 3.8043 -0 1 
#14_Matrix: 0.960026 0.279593 -0.0133256 0 -0.279617 0.960111 4.41894e-05 0 0.0128064 0.00368364 0.999911 -0 -1.0257 3.5659 -0 1 
#15_Matrix: 1 0 -0 0 0 1 -0 0 -0 -0 1 -0 0.0082 2.4731 -0 1 
#16_Matrix: 0.99993 0.00614002 -0.0101472 0 -0.00610298 0.999974 0.00367373 0 0.0101695 -0.00361155 0.999942 -0 -3.1464 11.1647 -0.1278 1 
#17_Matrix: 1 -0.000198135 2.74825e-06 0 0.000198135 1 -0 0 -2.74825e-06 1.86265e-09 1 -0 -0.0001 3.8086 -0 1 
#18_Matrix: 1 0.00060565 4.32623e-06 0 -0.00060565 1 -0 0 -4.32623e-06 -0 1 -0 -0.0008 3.5652 -0 1 
#19_Matrix: 1 0 -0 0 0 1 -0 0 -0 -0 1 -0 0.0009 2.3606 -0 1 
#20_Matrix: 0.999987 0.0051875 6.35535e-05 0 -0.0051877 0.99998 0.00367407 0 -4.4493e-05 -0.00367435 0.999993 -0 -0.0694 11.3225 0.0416 1 
#21_Matrix: 0.999999 0.00130379 1.88293e-05 0 -0.00130379 0.999999 -0 0 -1.88292e-05 -2.23517e-08 1 -0 -0.0036 3.8235 -0 1 
#22_Matrix: 1 0.000493022 -1.79168e-05 0 -0.000493022 1 1.49012e-08 0 1.79168e-05 -5.58794e-09 1 -0 0.0014 3.8648 -0 1 
#23_Matrix: 1 0 -0 0 0 1 -0 0 -0 -0 1 -0 0.0022 2.5723 -0 1 
#24_Matrix: 0.99995 0.00138121 -0.00985854 0 -0.0013455 0.999993 0.00362688 0 0.00986347 -0.00361344 0.999945 -0 3.2158 10.6964 0.0519 1 
#25_Matrix: 0.999987 0.00500279 0.000255666 0 -0.00500279 0.999987 -5.96046e-08 0 -0.000255663 -1.22935e-06 1 -0 -0.0166 3.4699 -0 1 
#26_Matrix: 0.999977 0.00672665 -0.000544794 0 -0.00672665 0.999977 3.78489e-06 0 0.000544807 -1.3411e-07 1 -0 0.0007 3.1986 -0 1 
#27_Matrix: 1 0 -0 0 0 1 -0 0 -0 -0 1 -0 0.0159 2.2892 -0 1 
#28_Matrix: -0.0150754 0.000206233 -0.999886 0 -0.93837 -0.345345 0.0140767 0 -0.345303 0.938476 0.00539973 -0 -4.8535 9.7617 0.0753 1 
#29_Matrix: 0.999881 -0.0129923 -0.00834609 0 0.0150753 0.93837 0.345303 0 0.00334546 -0.345388 0.938454 -0 0 10.4392 -0 1 
#30_Matrix: 0.999997 -3.37604e-09 0.00235283 0 2.73576e-09 1 7.45058e-09 0 -0.00235283 -0 0.999997 -0 0 16.8632 -0 1 
#31_Matrix: 0.999658 0.00833273 -0.0247768 0 -0.00844477 0.999955 -0.00442058 0 0.0247388 0.00462829 0.999683 -0 0 21.1323 -0 1 
#32_Matrix: 0.685374 -0.727172 0.0385103 0 0.660426 0.598446 -0.453542 0 0.306757 0.336279 0.890403 -0 2.4265 3.9484 -1.4341 1 
#33_Matrix: 0.819038 0.573732 0.00277964 0 -0.573732 0.819042 -0.000973679 0 -0.00283528 -0.000797287 0.999996 -0 -1.0506 3.7361 -0 1 
#34_Matrix: 0.914482 -0.404566 0.00702312 0 0.404573 0.914506 0.000560075 0 -0.00664927 0.00232918 0.999975 -0 1.2532 3.5776 -0 1 
#35_Matrix: 1 0 -0 0 0 1 -0 0 -0 -0 1 -0 -0.2026 2.5405 -0 1 
#36_Matrix: 0.99991 -0.00494346 0.0124464 0 0.0048867 0.999978 0.00458543 0 -0.0124688 -0.0045242 0.999912 -0 3.0287 10.9763 -0.1857 1 
#37_Matrix: 0.999998 0.00213941 -0.000143588 0 -0.00213941 0.999998 8.00937e-07 0 0.000143589 -4.91738e-07 1 -0 0.0136 3.9462 -0 1 
#38_Matrix: 0.999801 -0.0198935 -0.00172165 0 0.0198935 0.999802 -2.45571e-05 0 0.0017218 -9.62615e-06 0.999999 -0 0.02 3.5805 -0 1 
#39_Matrix: 1 0 -0 0 0 1 -0 0 -0 -0 1 -0 -0.0336 2.348 -0 1 
#40_Matrix: 0.999962 -0.00865245 -0.000759457 0 0.00865587 0.999952 0.00462805 0 0.000719376 -0.00463445 0.999989 -0 0.0929 11.1483 0.0516 1 
#41_Matrix: 1 0.000323158 6.73393e-06 0 -0.000323158 1 -0 0 -6.73393e-06 -3.72529e-09 1 -0 -0.0013 4.0228 -0 1 
#42_Matrix: 1 0.000496354 -1.34925e-05 0 -0.000496354 1 7.45058e-09 0 1.34925e-05 -3.72529e-09 1 -0 0 3.8249 -0 1 
#43_Matrix: 1 0 -0 0 0 1 -0 0 -0 -0 1 -0 0.0013 2.6191 -0 1 
#44_Matrix: 0.999901 -0.00948577 -0.0103455 0 0.00953392 0.999944 0.00461587 0 0.0103011 -0.00471406 0.999936 -0 -3.1216 10.586 -0.1288 1 
#45_Matrix: 0.999998 -0.00200958 9.47739e-05 0 0.00200958 0.999998 3.05474e-07 0 -9.47743e-05 -1.15484e-07 1 -0 -0.0041 3.4128 -0 1 
#46_Matrix: 0.99995 0.0100323 0.000553182 0 -0.0100323 0.99995 -3.78489e-06 0 -0.000553192 -1.78814e-06 1 -0 -0.0106 3.3012 -0 1 
#47_Matrix: 1 0 -0 0 0 1 -0 0 -0 -0 1 -0 0.0147 2.1549 -0 1 
#48_Matrix: -0.999933 -0.0115707 -0.000120428 0 0.0115711 -0.999926 -0.00386589 0 -7.56875e-05 -0.00386703 0.999993 -0 9.7992 -4.2996 -0.1502 1 
#49_Matrix: 0.99971 -0.0240727 -0 0 0.0240703 0.999609 -0.0142205 0 0.000342326 0.0142163 0.999899 -0 0 21.6998 -0 1 
#50_Matrix: 0.998497 0.0197339 -0.0511284 0 -0.0514607 0.658486 -0.750832 0 0.0188505 0.752334 0.658512 -0 0 20.0861 -0 1 
#51_Matrix: 0.999031 0 -0.0440135 0 -0.0286805 0.758537 -0.650998 0 0.0333858 0.65163 0.757802 -0 0 17.9698 -0 1 
#52_Matrix: 1 0 -0 0 0 1 -0 0 -0 -0 1 -0 0 7.2092 -0 1 
#53_Matrix: -0.999933 0.0115686 0.000280998 0 -0.0115706 -0.999893 -0.00899007 0 0.000176966 -0.00899272 0.99996 -0 -9.7992 -4.2996 -0.0259 1 
#54_Matrix: 0.99971 0.024071 -0 0 -0.0240707 0.999699 -0.0047944 0 -0.000115406 0.00479301 0.999988 -0 0 21.7005 -0 1 
#55_Matrix: 0.998503 -0.0197361 0.0510058 0 0.0514461 0.655412 -0.753517 0 -0.0185583 0.755013 0.655447 -0 0 20.0847 -0 1 
#56_Matrix: 0.999074 0 0.0430248 0 0.0280397 0.758468 -0.651107 0 -0.0326329 0.651711 0.757765 -0 0 17.9654 -0 1 
#57_Matrix: 1 0 -0 0 0 1 -0 0 -0 -0 1 -0 0 7.2826 -0 1 

**********************Parents**********************
#0_Parents: -1
#1_Parents: 0
#2_Parents: 1
#3_Parents: 2
#4_Parents: 3
#5_Parents: 4
#6_Parents: 5
#7_Parents: 6
#8_Parents: 4
#9_Parents: 8
#10_Parents: 9
#11_Parents: 10
#12_Parents: 11
#13_Parents: 12
#14_Parents: 13
#15_Parents: 14
#16_Parents: 11
#17_Parents: 16
#18_Parents: 17
#19_Parents: 18
#20_Parents: 11
#21_Parents: 20
#22_Parents: 21
#23_Parents: 22
#24_Parents: 11
#25_Parents: 24
#26_Parents: 25
#27_Parents: 26
#28_Parents: 4
#29_Parents: 28
#30_Parents: 29
#31_Parents: 30
#32_Parents: 31
#33_Parents: 32
#34_Parents: 33
#35_Parents: 34
#36_Parents: 31
#37_Parents: 36
#38_Parents: 37
#39_Parents: 38
#40_Parents: 31
#41_Parents: 40
#42_Parents: 41
#43_Parents: 42
#44_Parents: 31
#45_Parents: 44
#46_Parents: 45
#47_Parents: 46
#48_Parents: 1
#49_Parents: 48
#50_Parents: 49
#51_Parents: 50
#52_Parents: 51
#53_Parents: 1
#54_Parents: 53
#55_Parents: 54
#56_Parents: 55
#57_Parents: 56

********************BoneIndices********************
#0_BoneIndex: -1
#1_BoneIndex: 15
#2_BoneIndex: 14
#3_BoneIndex: 7
#4_BoneIndex: 2
#5_BoneIndex: 0
#6_BoneIndex: 1
#7_BoneIndex: -1
#8_BoneIndex: 3
#9_BoneIndex: 6
#10_BoneIndex: 8
#11_BoneIndex: 9
#12_BoneIndex: 26
#13_BoneIndex: 27
#14_BoneIndex: 28
#15_BoneIndex: -1
#16_BoneIndex: 29
#17_BoneIndex: 31
#18_BoneIndex: 34
#19_BoneIndex: -1
#20_BoneIndex: 25
#21_BoneIndex: 32
#22_BoneIndex: 35
#23_BoneIndex: -1
#24_BoneIndex: 10
#25_BoneIndex: 30
#26_BoneIndex: 33
#27_BoneIndex: -1
#28_BoneIndex: 4
#29_BoneIndex: 5
#30_BoneIndex: 11
#31_BoneIndex: 12
#32_BoneIndex: 36
#33_BoneIndex: 38
#34_BoneIndex: 41
#35_BoneIndex: -1
#36_BoneIndex: 37
#37_BoneIndex: 40
#38_BoneIndex: 44
#39_BoneIndex: -1
#40_BoneIndex: 13
#41_BoneIndex: 42
#42_BoneIndex: 45
#43_BoneIndex: -1
#44_BoneIndex: 16
#45_BoneIndex: 39
#46_BoneIndex: 43
#47_BoneIndex: -1
#48_BoneIndex: 18
#49_BoneIndex: 19
#50_BoneIndex: 20
#51_BoneIndex: 21
#52_BoneIndex: -1
#53_BoneIndex: 17
#54_BoneIndex: 22
#55_BoneIndex: 23
#56_BoneIndex: 24
#57_BoneIndex: -1

******************KeyFrameIndices******************
#0_KeyFrameIndex: -1
#1_KeyFrameIndex: 1
#2_KeyFrameIndex: 35
#3_KeyFrameIndex: 36
#4_KeyFrameIndex: 37
#5_KeyFrameIndex: 18
#6_KeyFrameIndex: 0
#7_KeyFrameIndex: -1
#8_KeyFrameIndex: 15
#9_KeyFrameIndex: 2
#10_KeyFrameIndex: 4
#11_KeyFrameIndex: 5
#12_KeyFrameIndex: 12
#13_KeyFrameIndex: 13
#14_KeyFrameIndex: -1
#15_KeyFrameIndex: -1
#16_KeyFrameIndex: 6
#17_KeyFrameIndex: 7
#18_KeyFrameIndex: -1
#19_KeyFrameIndex: -1
#20_KeyFrameIndex: 8
#21_KeyFrameIndex: 9
#22_KeyFrameIndex: -1
#23_KeyFrameIndex: -1
#24_KeyFrameIndex: 10
#25_KeyFrameIndex: 11
#26_KeyFrameIndex: -1
#27_KeyFrameIndex: -1
#28_KeyFrameIndex: 32
#29_KeyFrameIndex: 19
#30_KeyFrameIndex: 21
#31_KeyFrameIndex: 22
#32_KeyFrameIndex: 29
#33_KeyFrameIndex: 30
#34_KeyFrameIndex: -1
#35_KeyFrameIndex: -1
#36_KeyFrameIndex: 23
#37_KeyFrameIndex: 24
#38_KeyFrameIndex: -1
#39_KeyFrameIndex: -1
#40_KeyFrameIndex: 25
#41_KeyFrameIndex: 26
#42_KeyFrameIndex: -1
#43_KeyFrameIndex: -1
#44_KeyFrameIndex: 27
#45_KeyFrameIndex: 28
#46_KeyFrameIndex: -1
#47_KeyFrameIndex: -1
#48_KeyFrameIndex: 17
#49_KeyFrameIndex: 14
#50_KeyFrameIndex: 3
#51_KeyFrameIndex: 16
#52_KeyFrameIndex: -1
#53_KeyFrameIndex: 34
#54_KeyFrameIndex: 31
#55_KeyFrameIndex: 20
#56_KeyFrameIndex: 33
#57_KeyFrameIndex: -1

*********************KeyFrames*********************
#0_KeyFrame
Scale_Size: 32
Rotate_Size: 32
Pos_Size: 32
Scale_Time: 0 Scale: 1 1 1
Scale_Time: 33.3333 Scale: 1 1 1
Scale_Time: 66.6667 Scale: 1 1 1
Scale_Time: 100 Scale: 1 1 1
Scale_Time: 133.333 Scale: 1 1 1
Scale_Time: 166.667 Scale: 1 1 1
Scale_Time: 200 Scale: 1 1 1
Scale_Time: 233.333 Scale: 1 1 1
Scale_Time: 266.667 Scale: 1 1 1
Scale_Time: 300 Scale: 1 1 1
Scale_Time: 333.333 Scale: 1 1 1
Scale_Time: 366.667 Scale: 1 1 1
Scale_Time: 400 Scale: 1 1 1
Scale_Time: 433.333 Scale: 1 1 1
Scale_Time: 466.667 Scale: 1 1 1
Scale_Time: 500 Scale: 1 1 1
Scale_Time: 533.333 Scale: 1 1 1
Scale_Time: 566.667 Scale: 1 1 1
Scale_Time: 600 Scale: 1 1 1
Scale_Time: 633.333 Scale: 1 1 1
Scale_Time: 666.667 Scale: 1 1 1
Scale_Time: 700 Scale: 1 1 1
Scale_Time: 733.333 Scale: 1 1 1
Scale_Time: 766.667 Scale: 1 1 1
Scale_Time: 800 Scale: 1 1 1
Scale_Time: 833.333 Scale: 1 1 1
Scale_Time: 866.667 Scale: 1 1 1
Scale_Time: 900 Scale: 1 1 1
Scale_Time: 933.333 Scale: 1 1 1
Scale_Time: 966.667 Scale: 1 1 1
Scale_Time: 1000 Scale: 1 1 1
Scale_Time: 1033.33 Scale: 1 1 1
Rotate_Time: 0 Rotation: -1.45377e-06 0.00132701 -0.0035155 0.999993
Rotate_Time: 33.3333 Rotation: -0.00157469 0.00179161 -0.0013591 0.999996
Rotate_Time: 66.6667 Rotation: -0.00173184 0.00248497 0.00149775 0.999994
Rotate_Time: 100 Rotation: -0.0044787 0.00293826 0.00346388 0.99998
Rotate_Time: 133.333 Rotation: -0.00597912 0.00350291 0.00585351 0.999959
Rotate_Time: 166.667 Rotation: -0.00739843 0.00432562 0.00883312 0.999924
Rotate_Time: 200 Rotation: -0.00746233 0.00534761 0.0120379 0.999885
Rotate_Time: 233.333 Rotation: -0.00520981 0.00614002 0.0141764 0.999867
Rotate_Time: 266.667 Rotation: -0.0012719 0.00629716 0.0143465 0.999876
Rotate_Time: 300 Rotation: -0.00142246 0.00592873 0.0133086 0.999893
Rotate_Time: 333.333 Rotation: -0.00373662 0.00546684 0.0131882 0.999891
Rotate_Time: 366.667 Rotation: -0.00315946 0.0046023 0.0118481 0.999914
Rotate_Time: 400 Rotation: -0.00257901 0.00314509 0.00807942 0.999959
Rotate_Time: 433.333 Rotation: -0.00388439 0.00200157 0.0057296 0.999974
Rotate_Time: 466.667 Rotation: -0.0055963 0.000938832 0.00371883 0.999977
Rotate_Time: 500 Rotation: -0.00864164 -4.91291e-05 0.00193275 0.999961
Rotate_Time: 533.333 Rotation: -0.00944104 -0.000778652 0.00125639 0.999954
Rotate_Time: 566.667 Rotation: -0.00931381 -0.00132798 0.00104292 0.999955
Rotate_Time: 600 Rotation: -0.00966159 -0.0017614 0.000637882 0.999952
Rotate_Time: 633.333 Rotation: -0.00896726 -0.00242954 -0.00177833 0.999955
Rotate_Time: 666.667 Rotation: -0.00869596 -0.00276431 -0.00346456 0.999952
Rotate_Time: 700 Rotation: -0.00731234 -0.00314583 -0.0055473 0.999953
Rotate_Time: 733.333 Rotation: -0.00378683 -0.00363432 -0.00785256 0.999955
Rotate_Time: 766.667 Rotation: -0.000502519 -0.00380274 -0.00870612 0.999955
Rotate_Time: 800 Rotation: -0.000322592 -0.0037313 -0.00898602 0.999953
Rotate_Time: 833.333 Rotation: 0.000179257 -0.00313497 -0.00763563 0.999966
Rotate_Time: 866.667 Rotation: 0.00176111 -0.00257568 -0.00723241 0.999969
Rotate_Time: 900 Rotation: 0.00458645 -0.00149841 -0.00484255 0.999977
Rotate_Time: 933.333 Rotation: 0.00606624 -0.00055754 -0.00319849 0.999976
Rotate_Time: 966.667 Rotation: 0.00491703 0.000327453 -0.0019038 0.999986
Rotate_Time: 1000 Rotation: 0.00189918 0.00101892 -0.00165704 0.999996
Rotate_Time: 1033.33 Rotation: -1.40466e-06 0.00132702 -0.0035155 0.999993
Pos_Time: 0 Pos: 0 17.535 -1.1031
Pos_Time: 33.3333 Pos: 0 17.535 -1.1031
Pos_Time: 66.6667 Pos: 0 17.535 -1.1031
Pos_Time: 100 Pos: 0 17.535 -1.1031
Pos_Time: 133.333 Pos: 0 17.535 -1.1031
Pos_Time: 166.667 Pos: 0 17.535 -1.1031
Pos_Time: 200 Pos: 0 17.535 -1.1031
Pos_Time: 233.333 Pos: 0 17.535 -1.1031
Pos_Time: 266.667 Pos: 0 17.535 -1.1031
Pos_Time: 300 Pos: 0 17.535 -1.1031
Pos_Time: 333.333 Pos: 0 17.535 -1.1031
Pos_Time: 366.667 Pos: 0 17.535 -1.1031
Pos_Time: 400 Pos: 0 17.535 -1.1031
Pos_Time: 433.333 Pos: 0 17.535 -1.1031
Pos_Time: 466.667 Pos: 0 17.535 -1.1031
Pos_Time: 500 Pos: 0 17.535 -1.1031
Pos_Time: 533.333 Pos: 0 17.535 -1.1031
Pos_Time: 566.667 Pos: 0 17.535 -1.1031
Pos_Time: 600 Pos: 0 17.535 -1.1031
Pos_Time: 633.333 Pos: 0 17.535 -1.1031
Pos_Time: 666.667 Pos: 0 17.535 -1.1031
Pos_Time: 700 Pos: 0 17.535 -1.1031
Pos_Time: 733.333 Pos: 0 17.535 -1.1031
Pos_Time: 766.667 Pos: 0 17.535 -1.1031
Pos_Time: 800 Pos: 0 17.535 -1.1031
Pos_Time: 833.333 Pos: 0 17.535 -1.1031
Pos_Time: 866.667 Pos: 0 17.535 -1.1031
Pos_Time: 900 Pos: 0 17.535 -1.1031
Pos_Time: 933.333 Pos: 0 17.535 -1.1031
Pos_Time: 966.667 Pos: 0 17.535 -1.1031
Pos_Time: 1000 Pos: 0 17.535 -1.1031
Pos_Time: 1033.33 Pos: 0 17.535 -1.1031

#1_KeyFrame
Scale_Size: 32
Rotate_Size: 32
Pos_Size: 32
Scale_Time: 0 Scale: 1 1 1
Scale_Time: 33.3333 Scale: 1 1 1
Scale_Time: 66.6667 Scale: 1 1 1
Scale_Time: 100 Scale: 1 1 1
Scale_Time: 133.333 Scale: 1 1 1
Scale_Time: 166.667 Scale: 1 1 1
Scale_Time: 200 Scale: 1 1 1
Scale_Time: 233.333 Scale: 1 1 1
Scale_Time: 266.667 Scale: 1 1 1
Scale_Time: 300 Scale: 1 1 1
Scale_Time: 333.333 Scale: 1 1 1
Scale_Time: 366.667 Scale: 1 1 1
Scale_Time: 400 Scale: 1 1 1
Scale_Time: 433.333 Scale: 1 1 1
Scale_Time: 466.667 Scale: 1 1 1
Scale_Time: 500 Scale: 1 1 1
Scale_Time: 533.333 Scale: 1 1 1
Scale_Time: 566.667 Scale: 1 1 1
Scale_Time: 600 Scale: 1 1 1
Scale_Time: 633.333 Scale: 1 1 1
Scale_Time: 666.667 Scale: 1 1 1
Scale_Time: 700 Scale: 1 1 1
Scale_Time: 733.333 Scale: 1 1 1
Scale_Time: 766.667 Scale: 1 1 1
Scale_Time: 800 Scale: 1 1 1
Scale_Time: 833.333 Scale: 1 1 1
Scale_Time: 866.667 Scale: 1 1 1
Scale_Time: 900 Scale: 1 1 1
Scale_Time: 933.333 Scale: 1 1 1
Scale_Time: 966.667 Scale: 1 1 1
Scale_Time: 1000 Scale: 1 1 1
Scale_Time: 1033.33 Scale: 1 1 1
Rotate_Time: 0 Rotation: -0.008616 -0.0234327 -0.0105786 0.999632
Rotate_Time: 33.3333 Rotation: -0.00876084 -0.0121132 -0.0103397 0.999835
Rotate_Time: 66.6667 Rotation: -0.00776527 -0.00259793 -0.0123783 0.99989
Rotate_Time: 100 Rotation: -0.0060842 0.00420983 -0.0143875 0.999869
Rotate_Time: 133.333 Rotation: -0.00522532 0.00939575 -0.0151409 0.999828
Rotate_Time: 166.667 Rotation: -0.00593839 0.0151086 -0.0150045 0.999756
Rotate_Time: 200 Rotation: -0.00706033 0.0219656 -0.0148953 0.999623
Rotate_Time: 233.333 Rotation: -0.00702856 0.0286473 -0.0149667 0.999453
Rotate_Time: 266.667 Rotation: -0.00660495 0.0336185 -0.0140624 0.999314
Rotate_Time: 300 Rotation: -0.00830916 0.0363674 -0.0104768 0.999249
Rotate_Time: 333.333 Rotation: -0.0120862 0.0363184 -0.0041089 0.999259
Rotate_Time: 366.667 Rotation: -0.014312 0.0329834 0.00327146 0.999348
Rotate_Time: 400 Rotation: -0.012929 0.0283014 0.00605095 0.999497
Rotate_Time: 433.333 Rotation: -0.00973913 0.023883 0.00337401 0.999662
Rotate_Time: 466.667 Rotation: -0.00752412 0.0173158 -0.00330373 0.999816
Rotate_Time: 500 Rotation: -0.00764856 0.00534174 -0.0101995 0.999904
Rotate_Time: 533.333 Rotation: -0.0100136 -0.0109483 -0.0125931 0.999811
Rotate_Time: 566.667 Rotation: -0.013248 -0.0265375 -0.00970493 0.999513
Rotate_Time: 600 Rotation: -0.0155864 -0.0374086 -0.00379055 0.999171
Rotate_Time: 633.333 Rotation: -0.0163925 -0.043704 0.00208374 0.998908
Rotate_Time: 666.667 Rotation: -0.0164595 -0.0485798 0.0068584 0.99866
Rotate_Time: 700 Rotation: -0.0168616 -0.0548568 0.0105435 0.998296
Rotate_Time: 733.333 Rotation: -0.0180163 -0.0625578 0.0124623 0.997801
Rotate_Time: 766.667 Rotation: -0.0199381 -0.0694055 0.0110444 0.997328
Rotate_Time: 800 Rotation: -0.022912 -0.0721988 0.00609533 0.997108
Rotate_Time: 833.333 Rotation: -0.0265608 -0.069568 -0.00151674 0.997222
Rotate_Time: 866.667 Rotation: -0.0285263 -0.0646425 -0.011143 0.997438
Rotate_Time: 900 Rotation: -0.0263739 -0.0604533 -0.0192571 0.997637
Rotate_Time: 933.333 Rotation: -0.0206353 -0.0565259 -0.0214645 0.997957
Rotate_Time: 966.667 Rotation: -0.0144096 -0.0497288 -0.0184223 0.998489
Rotate_Time: 1000 Rotation: -0.010229 -0.0383888 -0.0140278 0.999112
Rotate_Time: 1033.33 Rotation: -0.008616 -0.0234327 -0.0105786 0.999632
Pos_Time: 0 Pos: 0.00455395 57.4739 0.232201
Pos_Time: 33.3333 Pos: -0.0550135 57.8084 -3.09557
Pos_Time: 66.6667 Pos: -0.0866272 57.7545 -6.39048
Pos_Time: 100 Pos: -0.0796222 57.3899 -9.82877
Pos_Time: 133.333 Pos: -0.0679209 56.8062 -13.1924
Pos_Time: 166.667 Pos: -0.0202841 56.1385 -16.5263
Pos_Time: 200 Pos: 0.0783487 55.4647 -19.8867
Pos_Time: 233.333 Pos: 0.231483 54.7177 -23.4126
Pos_Time: 266.667 Pos: 0.495412 53.9022 -27.2276
Pos_Time: 300 Pos: 0.761666 53.3805 -31.1181
Pos_Time: 333.333 Pos: 1.02276 52.9264 -34.6816
Pos_Time: 366.667 Pos: 1.23196 52.7956 -37.888
Pos_Time: 400 Pos: 1.49579 53.5311 -41.3473
Pos_Time: 433.333 Pos: 1.75651 54.8239 -44.9596
Pos_Time: 466.667 Pos: 1.94645 56.1859 -48.5251
Pos_Time: 500 Pos: 2.09406 57.3192 -52.051
Pos_Time: 533.333 Pos: 2.1717 57.8707 -55.2928
Pos_Time: 566.667 Pos: 2.1922 57.9153 -58.4812
Pos_Time: 600 Pos: 2.18509 57.5189 -61.8032
Pos_Time: 633.333 Pos: 2.18506 56.8084 -65.1807
Pos_Time: 666.667 Pos: 2.16066 56.0063 -68.6069
Pos_Time: 700 Pos: 2.11169 55.0943 -72.0917
Pos_Time: 733.333 Pos: 2.01278 54.2357 -75.5183
Pos_Time: 766.667 Pos: 1.79446 53.5326 -79.0869
Pos_Time: 800 Pos: 1.51561 53.1945 -82.8116
Pos_Time: 833.333 Pos: 1.20361 53.1597 -86.4621
Pos_Time: 866.667 Pos: 0.925362 53.5011 -89.9861
Pos_Time: 900 Pos: 0.589537 54.0713 -93.3287
Pos_Time: 933.333 Pos: 0.367362 55.0772 -96.7912
Pos_Time: 966.667 Pos: 0.206897 56.1498 -100.424
Pos_Time: 1000 Pos: 0.089612 56.9434 -103.992
Pos_Time: 1033.33 Pos: 0.00455698 57.4739 -107.379

#2_KeyFrame
Scale_Size: 32
Rotate_Size: 32
Pos_Size: 32
Scale_Time: 0 Scale: 1 1 1
Scale_Time: 33.3333 Scale: 1 1 1
Scale_Time: 66.6667 Scale: 1 1 1
Scale_Time: 100 Scale: 1 1 1
Scale_Time: 133.333 Scale: 1 1 1
Scale_Time: 166.667 Scale: 1 1 1
Scale_Time: 200 Scale: 1 1 1
Scale_Time: 233.333 Scale: 1 1 1
Scale_Time: 266.667 Scale: 1 1 1
Scale_Time: 300 Scale: 1 1 1
Scale_Time: 333.333 Scale: 1 1 1
Scale_Time: 366.667 Scale: 1 1 1
Scale_Time: 400 Scale: 1 1 1
Scale_Time: 433.333 Scale: 1 1 1
Scale_Time: 466.667 Scale: 1 1 1
Scale_Time: 500 Scale: 1 1 1
Scale_Time: 533.333 Scale: 1 1 1
Scale_Time: 566.667 Scale: 1 1 1
Scale_Time: 600 Scale: 1 1 1
Scale_Time: 633.333 Scale: 1 1 1
Scale_Time: 666.667 Scale: 1 1 1
Scale_Time: 700 Scale: 1 1 1
Scale_Time: 733.333 Scale: 1 1 1
Scale_Time: 766.667 Scale: 1 1 1
Scale_Time: 800 Scale: 1 1 1
Scale_Time: 833.333 Scale: 1 1 1
Scale_Time: 866.667 Scale: 1 1 1
Scale_Time: 900 Scale: 1 1 1
Scale_Time: 933.333 Scale: 1 1 1
Scale_Time: 966.667 Scale: 1 1 1
Scale_Time: 1000 Scale: 1 1 1
Scale_Time: 1033.33 Scale: 1 1 1
Rotate_Time: 0 Rotation: -0.263833 0.0723432 -0.024515 0.961539
Rotate_Time: 33.3333 Rotation: -0.284784 0.0725672 -0.0645316 0.95366
Rotate_Time: 66.6667 Rotation: -0.28872 0.0597066 -0.10508 0.949755
Rotate_Time: 100 Rotation: -0.299757 0.0477035 -0.134899 0.943224
Rotate_Time: 133.333 Rotation: -0.31534 0.0416988 -0.160804 0.934326
Rotate_Time: 166.667 Rotation: -0.327371 0.0396067 -0.187916 0.925174
Rotate_Time: 200 Rotation: -0.336485 0.0420624 -0.20771 0.917532
Rotate_Time: 233.333 Rotation: -0.334642 0.0424565 -0.232669 0.912183
Rotate_Time: 266.667 Rotation: -0.323904 0.0399832 -0.261375 0.908389
Rotate_Time: 300 Rotation: -0.319019 0.0389632 -0.278965 0.904924
Rotate_Time: 333.333 Rotation: -0.319001 0.0419402 -0.277155 0.905353
Rotate_Time: 366.667 Rotation: -0.312682 0.0488948 -0.273752 0.90824
Rotate_Time: 400 Rotation: -0.297396 0.0566978 -0.265594 0.915314
Rotate_Time: 433.333 Rotation: -0.301491 0.0617121 -0.224566 0.924589
Rotate_Time: 466.667 Rotation: -0.30806 0.0580276 -0.174718 0.933384
Rotate_Time: 500 Rotation: -0.30753 0.0500547 -0.136088 0.940426
Rotate_Time: 533.333 Rotation: -0.302204 0.0416708 -0.109932 0.945966
Rotate_Time: 566.667 Rotation: -0.288732 0.0345951 -0.0944596 0.95211
Rotate_Time: 600 Rotation: -0.276569 0.0302454 -0.0709931 0.957891
Rotate_Time: 633.333 Rotation: -0.261262 0.0329505 -0.0515418 0.963327
Rotate_Time: 666.667 Rotation: -0.247686 0.0367558 -0.0227596 0.967875
Rotate_Time: 700 Rotation: -0.238119 0.0444748 0.00297349 0.970213
Rotate_Time: 733.333 Rotation: -0.224765 0.0563101 0.0152069 0.972666
Rotate_Time: 766.667 Rotation: -0.218093 0.0648127 0.0205334 0.973557
Rotate_Time: 800 Rotation: -0.205468 0.0663963 0.00842689 0.976373
Rotate_Time: 833.333 Rotation: -0.203828 0.0661651 0.0025448 0.976765
Rotate_Time: 866.667 Rotation: -0.212568 0.0616779 0.0150699 0.975081
Rotate_Time: 900 Rotation: -0.215773 0.0567522 0.0306364 0.974311
Rotate_Time: 933.333 Rotation: -0.226058 0.0504152 0.0443875 0.971795
Rotate_Time: 966.667 Rotation: -0.233663 0.0560554 0.0409949 0.969834
Rotate_Time: 1000 Rotation: -0.247864 0.0704319 0.0211613 0.966
Rotate_Time: 1033.33 Rotation: -0.263833 0.072343 -0.0245158 0.961539
Pos_Time: 0 Pos: 0 10.4392 -0
Pos_Time: 33.3333 Pos: 0 10.4392 -0
Pos_Time: 66.6667 Pos: 0 10.4392 -0
Pos_Time: 100 Pos: 0 10.4392 -0
Pos_Time: 133.333 Pos: 0 10.4392 -0
Pos_Time: 166.667 Pos: 0 10.4392 -0
Pos_Time: 200 Pos: 0 10.4392 -0
Pos_Time: 233.333 Pos: 0 10.4392 -0
Pos_Time: 266.667 Pos: 0 10.4392 -0
Pos_Time: 300 Pos: 0 10.4392 -0
Pos_Time: 333.333 Pos: 0 10.4392 -0
Pos_Time: 366.667 Pos: 0 10.4392 -0
Pos_Time: 400 Pos: 0 10.4392 -0
Pos_Time: 433.333 Pos: 0 10.4392 -0
Pos_Time: 466.667 Pos: 0 10.4392 -0
Pos_Time: 500 Pos: 0 10.4392 -0
Pos_Time: 533.333 Pos: 0 10.4392 -0
Pos_Time: 566.667 Pos: 0 10.4392 -0
Pos_Time: 600 Pos: 0 10.4392 -0
Pos_Time: 633.333 Pos: 0 10.4392 -0
Pos_Time: 666.667 Pos: 0 10.4392 -0
Pos_Time: 700 Pos: 0 10.4392 -0
Pos_Time: 733.333 Pos: 0 10.4392 -0
Pos_Time: 766.667 Pos: 0 10.4392 -0
Pos_Time: 800 Pos: 0 10.4392 -0
Pos_Time: 833.333 Pos: 0 10.4392 -0
Pos_Time: 866.667 Pos: 0 10.4392 -0
Pos_Time: 900 Pos: 0 10.4392 -0
Pos_Time: 933.333 Pos: 0 10.4392 -0
Pos_Time: 966.667 Pos: 0 10.4392 -0
Pos_Time: 1000 Pos: 0 10.4392 -0
Pos_Time: 1033.33 Pos: 0 10.4392 -0

#3_KeyFrame
Scale_Size: 32
Rotate_Size: 32
Pos_Size: 32
Scale_Time: 0 Scale: 1 1 1
Scale_Time: 33.3333 Scale: 1 1 1
Scale_Time: 66.6667 Scale: 1 1 1
Scale_Time: 100 Scale: 1 1 1
Scale_Time: 133.333 Scale: 1 1 1
Scale_Time: 166.667 Scale: 1 1 1
Scale_Time: 200 Scale: 1 1 1
Scale_Time: 233.333 Scale: 1 1 1
Scale_Time: 266.667 Scale: 1 1 1
Scale_Time: 300 Scale: 1 1 1
Scale_Time: 333.333 Scale: 1 1 1
Scale_Time: 366.667 Scale: 1 1 1
Scale_Time: 400 Scale: 1 1 1
Scale_Time: 433.333 Scale: 1 1 1
Scale_Time: 466.667 Scale: 1 1 1
Scale_Time: 500 Scale: 1 1 1
Scale_Time: 533.333 Scale: 1 1 1
Scale_Time: 566.667 Scale: 1 1 1
Scale_Time: 600 Scale: 1 1 1
Scale_Time: 633.333 Scale: 1 1 1
Scale_Time: 666.667 Scale: 1 1 1
Scale_Time: 700 Scale: 1 1 1
Scale_Time: 733.333 Scale: 1 1 1
Scale_Time: 766.667 Scale: 1 1 1
Scale_Time: 800 Scale: 1 1 1
Scale_Time: 833.333 Scale: 1 1 1
Scale_Time: 866.667 Scale: 1 1 1
Scale_Time: 900 Scale: 1 1 1
Scale_Time: 933.333 Scale: 1 1 1
Scale_Time: 966.667 Scale: 1 1 1
Scale_Time: 1000 Scale: 1 1 1
Scale_Time: 1033.33 Scale: 1 1 1
Rotate_Time: 0 Rotation: -0.436135 0.0282053 0.00869344 0.899397
Rotate_Time: 33.3333 Rotation: -0.462936 0.0261485 0.0128916 0.885912
Rotate_Time: 66.6667 Rotation: -0.485239 0.022766 0.0190172 0.873878
Rotate_Time: 100 Rotation: -0.491987 0.0171573 0.0300956 0.869913
Rotate_Time: 133.333 Rotation: -0.471591 0.0131986 0.0385812 0.880874
Rotate_Time: 166.667 Rotation: -0.454526 0.0171144 0.0311852 0.890023
Rotate_Time: 200 Rotation: -0.46546 0.024051 0.0165784 0.884587
Rotate_Time: 233.333 Rotation: -0.496133 0.026695 0.0112959 0.867763
Rotate_Time: 266.667 Rotation: -0.492161 0.020688 0.0221644 0.869976
Rotate_Time: 300 Rotation: -0.433666 0.0196946 0.0222403 0.900584
Rotate_Time: 333.333 Rotation: -0.36338 0.0166933 0.0276866 0.93108
Rotate_Time: 366.667 Rotation: -0.425906 0.0148042 0.033215 0.904036
Rotate_Time: 400 Rotation: -0.475262 0.0137655 0.0368415 0.878965
Rotate_Time: 433.333 Rotation: -0.505328 0.0124918 0.0402969 0.861896
Rotate_Time: 466.667 Rotation: -0.51977 0.0101555 0.0454935 0.853033
Rotate_Time: 500 Rotation: -0.525384 0.00551594 0.056121 0.848995
Rotate_Time: 533.333 Rotation: -0.529065 0.00482648 0.0585706 0.846544
Rotate_Time: 566.667 Rotation: -0.535382 0.0058505 0.0582702 0.842577
Rotate_Time: 600 Rotation: -0.549823 0.00502822 0.0623704 0.832934
Rotate_Time: 633.333 Rotation: -0.572974 0.00420512 0.0671465 0.816807
Rotate_Time: 666.667 Rotation: -0.603895 0.000500829 0.0770221 0.793333
Rotate_Time: 700 Rotation: -0.630415 -0.00347867 0.086893 0.771371
Rotate_Time: 733.333 Rotation: -0.644612 -0.00310881 0.0871783 0.759517
Rotate_Time: 766.667 Rotation: -0.645568 0.000918148 0.0769345 0.759817
Rotate_Time: 800 Rotation: -0.63143 0.00555125 0.0601797 0.773074
Rotate_Time: 833.333 Rotation: -0.542324 0.00431592 0.050723 0.838626
Rotate_Time: 866.667 Rotation: -0.410896 0.00437767 0.0403773 0.910777
Rotate_Time: 900 Rotation: -0.257055 -0.0225732 0.0941737 0.961532
Rotate_Time: 933.333 Rotation: -0.253844 -0.0370327 0.127487 0.958091
Rotate_Time: 966.667 Rotation: -0.320267 -0.0318171 0.121355 0.938984
Rotate_Time: 1000 Rotation: -0.395571 -0.00171228 0.0656199 0.916086
Rotate_Time: 1033.33 Rotation: -0.436135 0.0282054 0.00869338 0.899397
Pos_Time: 0 Pos: 0 20.0861 -0
Pos_Time: 33.3333 Pos: 0 20.0861 -0
Pos_Time: 66.6667 Pos: 0 20.0861 -0
Pos_Time: 100 Pos: 0 20.0861 -0
Pos_Time: 133.333 Pos: 0 20.0861 -0
Pos_Time: 166.667 Pos: 0 20.0861 -0
Pos_Time: 200 Pos: 0 20.0861 -0
Pos_Time: 233.333 Pos: 0 20.0861 -0
Pos_Time: 266.667 Pos: 0 20.0861 -0
Pos_Time: 300 Pos: 0 20.0861 -0
Pos_Time: 333.333 Pos: 0 20.0861 -0
Pos_Time: 366.667 Pos: 0 20.0861 -0
Pos_Time: 400 Pos: 0 20.0861 -0
Pos_Time: 433.333 Pos: 0 20.0861 -0
Pos_Time: 466.667 Pos: 0 20.0861 -0
Pos_Time: 500 Pos: 0 20.0861 -0
Pos_Time: 533.333 Pos: 0 20.0861 -0
Pos_Time: 566.667 Pos: 0 20.0861 -0
Pos_Time: 600 Pos: 0 20.0861 -0
Pos_Time: 633.333 Pos: 0 20.0861 -0
Pos_Time: 666.667 Pos: 0 20.0861 -0
Pos_Time: 700 Pos: 0 20.0861 -0
Pos_Time: 733.333 Pos: 0 20.0861 -0
Pos_Time: 766.667 Pos: 0 20.0861 -0
Pos_Time: 800 Pos: 0 20.0861 -0
Pos_Time: 833.333 Pos: 0 20.0861 -0
Pos_Time: 866.667 Pos: 0 20.0861 -0
Pos_Time: 900 Pos: 0 20.0861 -0
Pos_Time: 933.333 Pos: 0 20.0861 -0
Pos_Time: 966.667 Pos: 0 20.0861 -0
Pos_Time: 1000 Pos: 0 20.0861 -0
Pos_Time: 1033.33 Pos: 0 20.0861 -0

#4_KeyFrame
Scale_Size: 32
Rotate_Size: 32
Pos_Size: 32
Scale_Time: 0 Scale: 1 1 1
Scale_Time: 33.3333 Scale: 1 1 1
Scale_Time: 66.6667 Scale: 1 1 1
Scale_Time: 100 Scale: 1 1 1
Scale_Time: 133.333 Scale: 1 1 1
Scale_Time: 166.667 Scale: 1 1 1
Scale_Time: 200 Scale: 1 1 1
Scale_Time: 233.333 Scale: 1 1 1
Scale_Time: 266.667 Scale: 1 1 1
Scale_Time: 300 Scale: 1 1 1
Scale_Time: 333.333 Scale: 1 1 1
Scale_Time: 366.667 Scale: 1 1 1
Scale_Time: 400 Scale: 1 1 1
Scale_Time: 433.333 Scale: 1 1 1
Scale_Time: 466.667 Scale: 1 1 1
Scale_Time: 500 Scale: 1 1 1
Scale_Time: 533.333 Scale: 1 1 1
Scale_Time: 566.667 Scale: 1 1 1
Scale_Time: 600 Scale: 1 1 1
Scale_Time: 633.333 Scale: 1 1 1
Scale_Time: 666.667 Scale: 1 1 1
Scale_Time: 700 Scale: 1 1 1
Scale_Time: 733.333 Scale: 1 1 1
Scale_Time: 766.667 Scale: 1 1 1
Scale_Time: 800 Scale: 1 1 1
Scale_Time: 833.333 Scale: 1 1 1
Scale_Time: 866.667 Scale: 1 1 1
Scale_Time: 900 Scale: 1 1 1
Scale_Time: 933.333 Scale: 1 1 1
Scale_Time: 966.667 Scale: 1 1 1
Scale_Time: 1000 Scale: 1 1 1
Scale_Time: 1033.33 Scale: 1 1 1
Rotate_Time: 0 Rotation: -0.0927353 -0.162311 0.262222 0.946729
Rotate_Time: 33.3333 Rotation: -0.0838543 -0.153344 0.251186 0.952029
Rotate_Time: 66.6667 Rotation: -0.0816658 -0.158742 0.25629 0.949972
Rotate_Time: 100 Rotation: -0.0803928 -0.166529 0.245728 0.951537
Rotate_Time: 133.333 Rotation: -0.074218 -0.172277 0.22925 0.955121
Rotate_Time: 166.667 Rotation: -0.0653971 -0.175721 0.216093 0.958201
Rotate_Time: 200 Rotation: -0.0566504 -0.178076 0.206292 0.960481
Rotate_Time: 233.333 Rotation: -0.0546785 -0.181911 0.226329 0.95535
Rotate_Time: 266.667 Rotation: -0.057963 -0.184466 0.268414 0.943698
Rotate_Time: 300 Rotation: -0.0562397 -0.179467 0.291054 0.938039
Rotate_Time: 333.333 Rotation: -0.0588239 -0.174519 0.298455 0.936487
Rotate_Time: 366.667 Rotation: -0.0615708 -0.168443 0.311508 0.933166
Rotate_Time: 400 Rotation: -0.0551032 -0.160517 0.312429 0.934658
Rotate_Time: 433.333 Rotation: -0.0483976 -0.151975 0.269385 0.949733
Rotate_Time: 466.667 Rotation: -0.0427993 -0.148961 0.23494 0.959574
Rotate_Time: 500 Rotation: -0.0425197 -0.149945 0.231493 0.960271
Rotate_Time: 533.333 Rotation: -0.0512152 -0.150793 0.261431 0.951994
Rotate_Time: 566.667 Rotation: -0.0613958 -0.150707 0.319325 0.933568
Rotate_Time: 600 Rotation: -0.0691629 -0.146253 0.373239 0.91352
Rotate_Time: 633.333 Rotation: -0.0719382 -0.136578 0.421433 0.893625
Rotate_Time: 666.667 Rotation: -0.0694295 -0.126879 0.45113 0.880661
Rotate_Time: 700 Rotation: -0.0652763 -0.11844 0.468675 0.872957
Rotate_Time: 733.333 Rotation: -0.0625343 -0.113116 0.478236 0.868668
Rotate_Time: 766.667 Rotation: -0.0623087 -0.111041 0.480899 0.867481
Rotate_Time: 800 Rotation: -0.0631486 -0.1125 0.483973 0.865521
Rotate_Time: 833.333 Rotation: -0.0698852 -0.118301 0.470272 0.87176
Rotate_Time: 866.667 Rotation: -0.0771632 -0.125594 0.431581 0.88995
Rotate_Time: 900 Rotation: -0.0857531 -0.136706 0.38444 0.908935
Rotate_Time: 933.333 Rotation: -0.0878458 -0.147464 0.326409 0.929513
Rotate_Time: 966.667 Rotation: -0.0951824 -0.154683 0.279657 0.942765
Rotate_Time: 1000 Rotation: -0.102926 -0.157999 0.25017 0.949662
Rotate_Time: 1033.33 Rotation: -0.0927354 -0.162311 0.262222 0.946728
Pos_Time: 0 Pos: 0 16.8656 -0
Pos_Time: 33.3333 Pos: 0 16.8656 -0
Pos_Time: 66.6667 Pos: 0 16.8656 -0
Pos_Time: 100 Pos: 0 16.8656 -0
Pos_Time: 133.333 Pos: 0 16.8656 -0
Pos_Time: 166.667 Pos: 0 16.8656 -0
Pos_Time: 200 Pos: 0 16.8656 -0
Pos_Time: 233.333 Pos: 0 16.8656 -0
Pos_Time: 266.667 Pos: 0 16.8656 -0
Pos_Time: 300 Pos: 0 16.8656 -0
Pos_Time: 333.333 Pos: 0 16.8656 -0
Pos_Time: 366.667 Pos: 0 16.8656 -0
Pos_Time: 400 Pos: 0 16.8656 -0
Pos_Time: 433.333 Pos: 0 16.8656 -0
Pos_Time: 466.667 Pos: 0 16.8656 -0
Pos_Time: 500 Pos: 0 16.8656 -0
Pos_Time: 533.333 Pos: 0 16.8656 -0
Pos_Time: 566.667 Pos: 0 16.8656 -0
Pos_Time: 600 Pos: 0 16.8656 -0
Pos_Time: 633.333 Pos: 0 16.8656 -0
Pos_Time: 666.667 Pos: 0 16.8656 -0
Pos_Time: 700 Pos: 0 16.8656 -0
Pos_Time: 733.333 Pos: 0 16.8656 -0
Pos_Time: 766.667 Pos: 0 16.8656 -0
Pos_Time: 800 Pos: 0 16.8656 -0
Pos_Time: 833.333 Pos: 0 16.8656 -0
Pos_Time: 866.667 Pos: 0 16.8656 -0
Pos_Time: 900 Pos: 0 16.8656 -0
Pos_Time: 933.333 Pos: 0 16.8656 -0
Pos_Time: 966.667 Pos: 0 16.8656 -0
Pos_Time: 1000 Pos: 0 16.8656 -0
Pos_Time: 1033.33 Pos: 0 16.8656 -0

#5_KeyFrame
Scale_Size: 32
Rotate_Size: 32
Pos_Size: 32
Scale_Time: 0 Scale: 1 1 1
Scale_Time: 33.3333 Scale: 1 1 1
Scale_Time: 66.6667 Scale: 1 1 1
Scale_Time: 100 Scale: 1 1 1
Scale_Time: 133.333 Scale: 1 1 1
Scale_Time: 166.667 Scale: 1 1 1
Scale_Time: 200 Scale: 1 1 1
Scale_Time: 233.333 Scale: 1 1 1
Scale_Time: 266.667 Scale: 1 1 1
Scale_Time: 300 Scale: 1 1 1
Scale_Time: 333.333 Scale: 1 1 1
Scale_Time: 366.667 Scale: 1 1 1
Scale_Time: 400 Scale: 1 1 1
Scale_Time: 433.333 Scale: 1 1 1
Scale_Time: 466.667 Scale: 1 1 1
Scale_Time: 500 Scale: 1 1 1
Scale_Time: 533.333 Scale: 1 1 1
Scale_Time: 566.667 Scale: 1 1 1
Scale_Time: 600 Scale: 1 1 1
Scale_Time: 633.333 Scale: 1 1 1
Scale_Time: 666.667 Scale: 1 1 1
Scale_Time: 700 Scale: 1 1 1
Scale_Time: 733.333 Scale: 1 1 1
Scale_Time: 766.667 Scale: 1 1 1
Scale_Time: 800 Scale: 1 1 1
Scale_Time: 833.333 Scale: 1 1 1
Scale_Time: 866.667 Scale: 1 1 1
Scale_Time: 900 Scale: 1 1 1
Scale_Time: 933.333 Scale: 1 1 1
Scale_Time: 966.667 Scale: 1 1 1
Scale_Time: 1000 Scale: 1 1 1
Scale_Time: 1033.33 Scale: 1 1 1
Rotate_Time: 0 Rotation: 0.102529 -0.157727 0.0970946 0.977334
Rotate_Time: 33.3333 Rotation: 0.0934813 -0.175438 0.105057 0.974395
Rotate_Time: 66.6667 Rotation: 0.0942366 -0.165042 0.102037 0.976457
Rotate_Time: 100 Rotation: 0.0948997 -0.161055 0.106687 0.976562
Rotate_Time: 133.333 Rotation: 0.0907183 -0.167769 0.117573 0.974577
Rotate_Time: 166.667 Rotation: 0.0832938 -0.18204 0.129327 0.971184
Rotate_Time: 200 Rotation: 0.0669875 -0.20274 0.120659 0.969459
Rotate_Time: 233.333 Rotation: 0.0424056 -0.216831 0.070141 0.972762
Rotate_Time: 266.667 Rotation: 0.0207172 -0.214524 0.00591812 0.976481
Rotate_Time: 300 Rotation: 0.00748197 -0.205981 -0.0381265 0.977784
Rotate_Time: 333.333 Rotation: -0.00444884 -0.207317 -0.0762243 0.97529
Rotate_Time: 366.667 Rotation: -0.015991 -0.210006 -0.107094 0.971685
Rotate_Time: 400 Rotation: -0.0219237 -0.204822 -0.112914 0.972017
Rotate_Time: 433.333 Rotation: -0.0146569 -0.208391 -0.0841738 0.974306
Rotate_Time: 466.667 Rotation: -0.00696825 -0.203417 -0.0508108 0.977748
Rotate_Time: 500 Rotation: -0.004298 -0.18894 -0.0255232 0.981647
Rotate_Time: 533.333 Rotation: -0.00518646 -0.168721 -0.0122319 0.985574
Rotate_Time: 566.667 Rotation: -0.0089002 -0.144831 -0.0123795 0.989339
Rotate_Time: 600 Rotation: -0.00885416 -0.124496 -0.015067 0.992066
Rotate_Time: 633.333 Rotation: -0.00134196 -0.106903 -0.0166819 0.994129
Rotate_Time: 666.667 Rotation: 0.0141097 -0.0936849 -0.0113422 0.995437
Rotate_Time: 700 Rotation: 0.0396468 -0.0886034 0.00432801 0.995268
Rotate_Time: 733.333 Rotation: 0.073184 -0.0890749 0.0288285 0.992914
Rotate_Time: 766.667 Rotation: 0.103649 -0.0933641 0.0540461 0.988746
Rotate_Time: 800 Rotation: 0.126067 -0.0936024 0.0723116 0.984945
Rotate_Time: 833.333 Rotation: 0.140561 -0.0939129 0.085699 0.981875
Rotate_Time: 866.667 Rotation: 0.147419 -0.0927265 0.094923 0.980132
Rotate_Time: 900 Rotation: 0.147245 -0.0892041 0.0944007 0.980536
Rotate_Time: 933.333 Rotation: 0.142895 -0.0866031 0.0959828 0.981259
Rotate_Time: 966.667 Rotation: 0.1317 -0.104374 0.0954842 0.981144
Rotate_Time: 1000 Rotation: 0.117419 -0.139484 0.0966794 0.978473
Rotate_Time: 1033.33 Rotation: 0.102529 -0.157727 0.0970944 0.977335
Pos_Time: 0 Pos: 0 21.1326 -0
Pos_Time: 33.3333 Pos: 0 21.1326 -0
Pos_Time: 66.6667 Pos: 0 21.1326 -0
Pos_Time: 100 Pos: 0 21.1326 -0
Pos_Time: 133.333 Pos: 0 21.1326 -0
Pos_Time: 166.667 Pos: 0 21.1326 -0
Pos_Time: 200 Pos: 0 21.1326 -0
Pos_Time: 233.333 Pos: 0 21.1326 -0
Pos_Time: 266.667 Pos: 0 21.1326 -0
Pos_Time: 300 Pos: 0 21.1326 -0
Pos_Time: 333.333 Pos: 0 21.1326 -0
Pos_Time: 366.667 Pos: 0 21.1326 -0
Pos_Time: 400 Pos: 0 21.1326 -0
Pos_Time: 433.333 Pos: 0 21.1326 -0
Pos_Time: 466.667 Pos: 0 21.1326 -0
Pos_Time: 500 Pos: 0 21.1326 -0
Pos_Time: 533.333 Pos: 0 21.1326 -0
Pos_Time: 566.667 Pos: 0 21.1326 -0
Pos_Time: 600 Pos: 0 21.1326 -0
Pos_Time: 633.333 Pos: 0 21.1326 -0
Pos_Time: 666.667 Pos: 0 21.1326 -0
Pos_Time: 700 Pos: 0 21.1326 -0
Pos_Time: 733.333 Pos: 0 21.1326 -0
Pos_Time: 766.667 Pos: 0 21.1326 -0
Pos_Time: 800 Pos: 0 21.1326 -0
Pos_Time: 833.333 Pos: 0 21.1326 -0
Pos_Time: 866.667 Pos: 0 21.1326 -0
Pos_Time: 900 Pos: 0 21.1326 -0
Pos_Time: 933.333 Pos: 0 21.1326 -0
Pos_Time: 966.667 Pos: 0 21.1326 -0
Pos_Time: 1000 Pos: 0 21.1326 -0
Pos_Time: 1033.33 Pos: 0 21.1326 -0

#6_KeyFrame
Scale_Size: 32
Rotate_Size: 32
Pos_Size: 32
Scale_Time: 0 Scale: 1 1 1
Scale_Time: 33.3333 Scale: 1 1 1
Scale_Time: 66.6667 Scale: 1 1 1
Scale_Time: 100 Scale: 1 1 1
Scale_Time: 133.333 Scale: 1 1 1
Scale_Time: 166.667 Scale: 1 1 1
Scale_Time: 200 Scale: 1 1 1
Scale_Time: 233.333 Scale: 1 1 1
Scale_Time: 266.667 Scale: 1 1 1
Scale_Time: 300 Scale: 1 1 1
Scale_Time: 333.333 Scale: 1 1 1
Scale_Time: 366.667 Scale: 1 1 1
Scale_Time: 400 Scale: 1 1 1
Scale_Time: 433.333 Scale: 1 1 1
Scale_Time: 466.667 Scale: 1 1 1
Scale_Time: 500 Scale: 1 1 1
Scale_Time: 533.333 Scale: 1 1 1
Scale_Time: 566.667 Scale: 1 1 1
Scale_Time: 600 Scale: 1 1 1
Scale_Time: 633.333 Scale: 1 1 1
Scale_Time: 666.667 Scale: 1 1 1
Scale_Time: 700 Scale: 1 1 1
Scale_Time: 733.333 Scale: 1 1 1
Scale_Time: 766.667 Scale: 1 1 1
Scale_Time: 800 Scale: 1 1 1
Scale_Time: 833.333 Scale: 1 1 1
Scale_Time: 866.667 Scale: 1 1 1
Scale_Time: 900 Scale: 1 1 1
Scale_Time: 933.333 Scale: 1 1 1
Scale_Time: 966.667 Scale: 1 1 1
Scale_Time: 1000 Scale: 1 1 1
Scale_Time: 1033.33 Scale: 1 1 1
Rotate_Time: 0 Rotation: -0.366351 0.00347206 0.0264957 0.930093
Rotate_Time: 33.3333 Rotation: -0.353825 0.00310348 0.0279865 0.934888
Rotate_Time: 66.6667 Rotation: -0.339255 0.00271927 0.0294044 0.940231
Rotate_Time: 100 Rotation: -0.323906 0.00227538 0.0307824 0.945585
Rotate_Time: 133.333 Rotation: -0.309075 0.00174391 0.0321555 0.950492
Rotate_Time: 166.667 Rotation: -0.296085 0.00111295 0.0335634 0.954571
Rotate_Time: 200 Rotation: -0.286274 0.000385311 0.0350492 0.957506
Rotate_Time: 233.333 Rotation: -0.28099 -0.000425431 0.0366614 0.95901
Rotate_Time: 266.667 Rotation: -0.282791 -0.00132882 0.0385423 0.958406
Rotate_Time: 300 Rotation: -0.297249 -0.00240043 0.0410631 0.953914
Rotate_Time: 333.333 Rotation: -0.31509 -0.00334615 0.0435152 0.948058
Rotate_Time: 366.667 Rotation: -0.324597 -0.00389088 0.0449899 0.944774
Rotate_Time: 400 Rotation: -0.328101 -0.00424067 0.0459253 0.943516
Rotate_Time: 433.333 Rotation: -0.328993 -0.00452619 0.0466673 0.943168
Rotate_Time: 466.667 Rotation: -0.327741 -0.00475068 0.0472175 0.943575
Rotate_Time: 500 Rotation: -0.324807 -0.00491456 0.0475792 0.94457
Rotate_Time: 533.333 Rotation: -0.32065 -0.00501778 0.0477558 0.94598
Rotate_Time: 566.667 Rotation: -0.315731 -0.00505662 0.0477522 0.947633
Rotate_Time: 600 Rotation: -0.310514 -0.00502629 0.0475736 0.949364
Rotate_Time: 633.333 Rotation: -0.305464 -0.00492048 0.0472252 0.951019
Rotate_Time: 666.667 Rotation: -0.301049 -0.0047318 0.0467132 0.952452
Rotate_Time: 700 Rotation: -0.297742 -0.00445426 0.0460419 0.953525
Rotate_Time: 733.333 Rotation: -0.296015 -0.00408235 0.045216 0.954104
Rotate_Time: 766.667 Rotation: -0.296337 -0.00361523 0.0442373 0.954051
Rotate_Time: 800 Rotation: -0.299254 -0.00304256 0.0430765 0.953196
Rotate_Time: 833.333 Rotation: -0.306338 -0.00213813 0.0412123 0.951028
Rotate_Time: 866.667 Rotation: -0.317295 -0.000903032 0.0385103 0.947544
Rotate_Time: 900 Rotation: -0.330268 0.00042118 0.0353541 0.943225
Rotate_Time: 933.333 Rotation: -0.343428 0.00163862 0.0321451 0.938627
