***************Animation_File_Header***************
#Nodes: 58
#KeyFrames: 38
#Duration: 700
#TicksPerSecond: 30
#GlobalInverseTransform: 1 -0 0 0 -0 1 0 0 0 -0 1 0 0 -0 0 1 
#RootBoneName: mixamorig1:Hips
#RootBoneIndex: 1

***********************Nodes***********************
#0_Matrix: 1 0 -0 0 0 1 -0 0 -0 -0 1 -0 0 0 -0 1 
#1_Matrix: 1 0 -0 0 0 1 -0 0 -0 -0 1 -0 0 58.2716 -0 1 
#2_Matrix: 1 0 -0 0 0 0.99945 0.0331744 0 -0 -0.0331744 0.99945 -0 0 7.7421 0.257 1 
#3_Matrix: 1 0 -0 0 0 1 -0 0 -0 -0 1 -0 0 9.0375 -0 1 
#4_Matrix: 1 0 -0 0 0 1 -0 0 -0 -0 1 -0 0 10.3285 -0 1 
#5_Matrix: 1 0 -0 0 0 0.99945 -0.0331744 0 -0 0.0331744 0.99945 -0 0 11.6196 -0 1 
#6_Matrix: 1 0 -0 0 0 1 -0 0 -0 -0 1 -0 0 17.535 -1.1031 1 
#7_Matrix: 1 0 -0 0 0 1 -0 0 -0 -0 1 -0 0 43.559 -2.7403 1 
#8_Matrix: -0.0094892 -0.000142206 0.999955 0 0.93837 -0.345519 0.00885564 0 0.345502 0.938412 0.00341214 -0 4.8535 9.7608 0.0481 1 
#9_Matrix: 0.999932 0.00655165 0.00966931 0 -0.00948928 0.93837 0.345502 0 -0.00680978 -0.34557 0.938368 -0 0 10.4392 -0 1 
#10_Matrix: 0.999997 -1.30676e-08 -0.0025577 0 6.98492e-10 1 -0 0 0.0025577 7.45058e-09 0.999997 -0 0 16.8656 -0 1 
#11_Matrix: 0.99998 -0.00612923 0.00122811 0 0.0061337 0.999974 -0.00366654 0 -0.00120562 0.003674 0.999993 -0 0 21.1326 -0 1 
#12_Matrix: 0.694833 0.718986 -0.0163247 0 -0.640634 0.608479 -0.468338 0 -0.326795 0.335875 0.883398 -0 -2.6652 3.8611 -1.4899 1 
#13_Matrix: 0.856963 -0.515378 -0.000256964 0 0.515378 0.856963 -7.39135e-05 0 0.000258302 -6.90985e-05 1 -0 1.0176 3.8043 -0 1 
#14_Matrix: 0.960026 0.279593 -0.0133256 0 -0.279617 0.960111 4.41894e-05 0 0.0128064 0.00368364 0.999911 -0 -1.0257 3.5659 -0 1 
#15_Matrix: 1 0 -0 0 0 1 -0 0 -0 -0 1 -0 0.0082 2.4731 -0 1 
#16_Matrix: 0.99993 0.00614002 -0.0101472 0 -0.00610298 0.999974 0.00367373 0 0.0101695 -0.00361155 0.999942 -0 -3.1464 11.1647 -0.1278 1 
#17_Matrix: 1 -0.000198135 2.74825e-06 0 0.000198135 1 -0 0 -2.74825e-06 1.86265e-09 1 -0 -0.0001 3.8086 -0 1 
#18_Matrix: 1 0.00060565 4.32623e-06 0 -0.00060565 1 -0 0 -4.32623e-06 -0 1 -0 -0.0008 3.5652 -0 1 
#19_Matrix: 1 0 -0 0 0 1 -0 0 -0 -0 1 -0 0.0009 2.3606 -0 1 
#20_Matrix: 0.999987 0.0051875 6.35535e-05 0 -0.0051877 0.99998 0.00367407 0 -4.4493e-05 -0.00367435 0.999993 -0 -0.0694 11.3225 0.0416 1 
#21_Matrix: 0.999999 0.00130379 1.88293e-05 0 -0.00130379 0.999999 -0 0 -1.88292e-05 -2.23517e-08 1 -0 -0.0036 3.8235 -0 1 
#22_Matrix: 1 0.000493022 -1.79168e-05 0 -0.000493022 1 1.49012e-08 0 1.79168e-05 -5.58794e-09 1 -0 0.0014 3.8648 -0 1 
#23_Matrix: 1 0 -0 0 0 1 -0 0 -0 -0 1 -0 0.0022 2.5723 -0 1 
#24_Matrix: 0.99995 0.00138121 -0.00985854 0 -0.0013455 0.999993 0.00362688 0 0.00986347 -0.00361344 0.999945 -0 3.2158 10.6964 0.0519 1 
#25_Matrix: 0.999987 0.00500279 0.000255666 0 -0.00500279 0.999987 -5.96046e-08 0 -0.000255663 -1.22935e-06 1 -0 -0.0166 3.4699 -0 1 
#26_Matrix: 0.999977 0.00672665 -0.000544794 0 -0.00672665 0.999977 3.78489e-06 0 0.000544807 -1.3411e-07 1 -0 0.0007 3.1986 -0 1 
#27_Matrix: 1 0 -0 0 0 1 -0 0 -0 -0 1 -0 0.0159 2.2892 -0 1 
#28_Matrix: -0.0150754 0.000206233 -0.999886 0 -0.93837 -0.345345 0.0140767 0 -0.345303 0.938476 0.00539973 -0 -4.8535 9.7617 0.0753 1 
#29_Matrix: 0.999881 -0.0129923 -0.00834609 0 0.0150753 0.93837 0.345303 0 0.00334546 -0.345388 0.938454 -0 0 10.4392 -0 1 
#30_Matrix: 0.999997 -3.37604e-09 0.00235283 0 2.73576e-09 1 7.45058e-09 0 -0.00235283 -0 0.999997 -0 0 16.8632 -0 1 
#31_Matrix: 0.999658 0.00833273 -0.0247768 0 -0.00844477 0.999955 -0.00442058 0 0.0247388 0.00462829 0.999683 -0 0 21.1323 -0 1 
#32_Matrix: 0.685374 -0.727172 0.0385103 0 0.660426 0.598446 -0.453542 0 0.306757 0.336279 0.890403 -0 2.4265 3.9484 -1.4341 1 
#33_Matrix: 0.819038 0.573732 0.00277964 0 -0.573732 0.819042 -0.000973679 0 -0.00283528 -0.000797287 0.999996 -0 -1.0506 3.7361 -0 1 
#34_Matrix: 0.914482 -0.404566 0.00702312 0 0.404573 0.914506 0.000560075 0 -0.00664927 0.00232918 0.999975 -0 1.2532 3.5776 -0 1 
#35_Matrix: 1 0 -0 0 0 1 -0 0 -0 -0 1 -0 -0.2026 2.5405 -0 1 
#36_Matrix: 0.99991 -0.00494346 0.0124464 0 0.0048867 0.999978 0.00458543 0 -0.0124688 -0.0045242 0.999912 -0 3.0287 10.9763 -0.1857 1 
#37_Matrix: 0.999998 0.00213941 -0.000143588 0 -0.00213941 0.999998 8.00937e-07 0 0.000143589 -4.91738e-07 1 -0 0.0136 3.9462 -0 1 
#38_Matrix: 0.999801 -0.0198935 -0.00172165 0 0.0198935 0.999802 -2.45571e-05 0 0.0017218 -9.62615e-06 0.999999 -0 0.02 3.5805 -0 1 
#39_Matrix: 1 0 -0 0 0 1 -0 0 -0 -0 1 -0 -0.0336 2.348 -0 1 
#40_Matrix: 0.999962 -0.00865245 -0.000759457 0 0.00865587 0.999952 0.00462805 0 0.000719376 -0.00463445 0.999989 -0 0.0929 11.1483 0.0516 1 
#41_Matrix: 1 0.000323158 6.73393e-06 0 -0.000323158 1 -0 0 -6.73393e-06 -3.72529e-09 1 -0 -0.0013 4.0228 -0 1 
#42_Matrix: 1 0.000496354 -1.34925e-05 0 -0.000496354 1 7.45058e-09 0 1.34925e-05 -3.72529e-09 1 -0 0 3.8249 -0 1 
#43_Matrix: 1 0 -0 0 0 1 -0 0 -0 -0 1 -0 0.0013 2.6191 -0 1 
#44_Matrix: 0.999901 -0.00948577 -0.0103455 0 0.00953392 0.999944 0.00461587 0 0.0103011 -0.00471406 0.999936 -0 -3.1216 10.586 -0.1288 1 
#45_Matrix: 0.999998 -0.00200958 9.47739e-05 0 0.00200958 0.999998 3.05474e-07 0 -9.47743e-05 -1.15484e-07 1 -0 -0.0041 3.4128 -0 1 
#46_Matrix: 0.99995 0.0100323 0.000553182 0 -0.0100323 0.99995 -3.78489e-06 0 -0.000553192 -1.78814e-06 1 -0 -0.0106 3.3012 -0 1 
#47_Matrix: 1 0 -0 0 0 1 -0 0 -0 -0 1 -0 0.0147 2.1549 -0 1 
#48_Matrix: -0.999933 -0.0115707 -0.000120428 0 0.0115711 -0.999926 -0.00386589 0 -7.56875e-05 -0.00386703 0.999993 -0 9.7992 -4.2996 -0.1502 1 
#49_Matrix: 0.99971 -0.0240727 -0 0 0.0240703 0.999609 -0.0142205 0 0.000342326 0.0142163 0.999899 -0 0 21.6998 -0 1 
#50_Matrix: 0.998497 0.0197339 -0.0511284 0 -0.0514607 0.658486 -0.750832 0 0.0188505 0.752334 0.658512 -0 0 20.0861 -0 1 
#51_Matrix: 0.999031 0 -0.0440135 0 -0.0286805 0.758537 -0.650998 0 0.0333858 0.65163 0.757802 -0 0 17.9698 -0 1 
#52_Matrix: 1 0 -0 0 0 1 -0 0 -0 -0 1 -0 0 7.2092 -0 1 
#53_Matrix: -0.999933 0.0115686 0.000280998 0 -0.0115706 -0.999893 -0.00899007 0 0.000176966 -0.00899272 0.99996 -0 -9.7992 -4.2996 -0.0259 1 
#54_Matrix: 0.99971 0.024071 -0 0 -0.0240707 0.999699 -0.0047944 0 -0.000115406 0.00479301 0.999988 -0 0 21.7005 -0 1 
#55_Matrix: 0.998503 -0.0197361 0.0510058 0 0.0514461 0.655412 -0.753517 0 -0.0185583 0.755013 0.655447 -0 0 20.0847 -0 1 
#56_Matrix: 0.999074 0 0.0430248 0 0.0280397 0.758468 -0.651107 0 -0.0326329 0.651711 0.757765 -0 0 17.9654 -0 1 
#57_Matrix: 1 0 -0 0 0 1 -0 0 -0 -0 1 -0 0 7.2826 -0 1 

**********************Parents**********************
#0_Parents: -1
#1_Parents: 0
#2_Parents: 1
#3_Parents: 2
#4_Parents: 3
#5_Parents: 4
#6_Parents: 5
#7_Parents: 6
#8_Parents: 4
#9_Parents: 8
#10_Parents: 9
#11_Parents: 10
#12_Parents: 11
#13_Parents: 12
#14_Parents: 13
#15_Parents: 14
#16_Parents: 11
#17_Parents: 16
#18_Parents: 17
#19_Parents: 18
#20_Parents: 11
#21_Parents: 20
#22_Parents: 21
#23_Parents: 22
#24_Parents: 11
#25_Parents: 24
#26_Parents: 25
#27_Parents: 26
#28_Parents: 4
#29_Parents: 28
#30_Parents: 29
#31_Parents: 30
#32_Parents: 31
#33_Parents: 32
#34_Parents: 33
#35_Parents: 34
#36_Parents: 31
#37_Parents: 36
#38_Parents: 37
#39_Parents: 38
#40_Parents: 31
#41_Parents: 40
#42_Parents: 41
#43_Parents: 42
#44_Parents: 31
#45_Parents: 44
#46_Parents: 45
#47_Parents: 46
#48_Parents: 1
#49_Parents: 48
#50_Parents: 49
#51_Parents: 50
#52_Parents: 51
#53_Parents: 1
#54_Parents: 53
#55_Parents: 54
#56_Parents: 55
#57_Parents: 56

********************BoneIndices********************
#0_BoneIndex: -1
#1_BoneIndex: 15
#2_BoneIndex: 14
#3_BoneIndex: 7
#4_BoneIndex: 2
#5_BoneIndex: 0
#6_BoneIndex: 1
#7_BoneIndex: -1
#8_BoneIndex: 3
#9_BoneIndex: 6
#10_BoneIndex: 8
#11_BoneIndex: 9
#12_BoneIndex: 26
#13_BoneIndex: 27
#14_BoneIndex: 28
#15_BoneIndex: -1
#16_BoneIndex: 29
#17_BoneIndex: 31
#18_BoneIndex: 34
#19_BoneIndex: -1
#20_BoneIndex: 25
#21_BoneIndex: 32
#22_BoneIndex: 35
#23_BoneIndex: -1
#24_BoneIndex: 10
#25_BoneIndex: 30
#26_BoneIndex: 33
#27_BoneIndex: -1
#28_BoneIndex: 4
#29_BoneIndex: 5
#30_BoneIndex: 11
#31_BoneIndex: 12
#32_BoneIndex: 36
#33_BoneIndex: 38
#34_BoneIndex: 41
#35_BoneIndex: -1
#36_BoneIndex: 37
#37_BoneIndex: 40
#38_BoneIndex: 44
#39_BoneIndex: -1
#40_BoneIndex: 13
#41_BoneIndex: 42
#42_BoneIndex: 45
#43_BoneIndex: -1
#44_BoneIndex: 16
#45_BoneIndex: 39
#46_BoneIndex: 43
#47_BoneIndex: -1
#48_BoneIndex: 18
#49_BoneIndex: 19
#50_BoneIndex: 20
#51_BoneIndex: 21
#52_BoneIndex: -1
#53_BoneIndex: 17
#54_BoneIndex: 22
#55_BoneIndex: 23
#56_BoneIndex: 24
#57_BoneIndex: -1

******************KeyFrameIndices******************
#0_KeyFrameIndex: -1
#1_KeyFrameIndex: 1
#2_KeyFrameIndex: 35
#3_KeyFrameIndex: 36
#4_KeyFrameIndex: 37
#5_KeyFrameIndex: 18
#6_KeyFrameIndex: 0
#7_KeyFrameIndex: -1
#8_KeyFrameIndex: 15
#9_KeyFrameIndex: 2
#10_KeyFrameIndex: 4
#11_KeyFrameIndex: 5
#12_KeyFrameIndex: 12
#13_KeyFrameIndex: 13
#14_KeyFrameIndex: -1
#15_KeyFrameIndex: -1
#16_KeyFrameIndex: 6
#17_KeyFrameIndex: 7
#18_KeyFrameIndex: -1
#19_KeyFrameIndex: -1
#20_KeyFrameIndex: 8
#21_KeyFrameIndex: 9
#22_KeyFrameIndex: -1
#23_KeyFrameIndex: -1
#24_KeyFrameIndex: 10
#25_KeyFrameIndex: 11
#26_KeyFrameIndex: -1
#27_KeyFrameIndex: -1
#28_KeyFrameIndex: 32
#29_KeyFrameIndex: 19
#30_KeyFrameIndex: 21
#31_KeyFrameIndex: 22
#32_KeyFrameIndex: 29
#33_KeyFrameIndex: 30
#34_KeyFrameIndex: -1
#35_KeyFrameIndex: -1
#36_KeyFrameIndex: 23
#37_KeyFrameIndex: 24
#38_KeyFrameIndex: -1
#39_KeyFrameIndex: -1
#40_KeyFrameIndex: 25
#41_KeyFrameIndex: 26
#42_KeyFrameIndex: -1
#43_KeyFrameIndex: -1
#44_KeyFrameIndex: 27
#45_KeyFrameIndex: 28
#46_KeyFrameIndex: -1
#47_KeyFrameIndex: -1
#48_KeyFrameIndex: 17
#49_KeyFrameIndex: 14
#50_KeyFrameIndex: 3
#51_KeyFrameIndex: 16
#52_KeyFrameIndex: -1
#53_KeyFrameIndex: 34
#54_KeyFrameIndex: 31
#55_KeyFrameIndex: 20
#56_KeyFrameIndex: 33
#57_KeyFrameIndex: -1

*********************KeyFrames*********************
#0_KeyFrame
Scale_Size: 22
Rotate_Size: 22
Pos_Size: 22
Scale_Time: 0 Scale: 1 1 1
Scale_Time: 33.3333 Scale: 1 1 1
Scale_Time: 66.6667 Scale: 1 1 1
Scale_Time: 100 Scale: 1 1 1
Scale_Time: 133.333 Scale: 1 1 1
Scale_Time: 166.667 Scale: 1 1 1
Scale_Time: 200 Scale: 1 1 1
Scale_Time: 233.333 Scale: 1 1 1
Scale_Time: 266.667 Scale: 1 1 1
Scale_Time: 300 Scale: 1 1 1
Scale_Time: 333.333 Scale: 1 1 1
Scale_Time: 366.667 Scale: 1 1 1
Scale_Time: 400 Scale: 1 1 1
Scale_Time: 433.333 Scale: 1 1 1
Scale_Time: 466.667 Scale: 1 1 1
Scale_Time: 500 Scale: 1 1 1
Scale_Time: 533.333 Scale: 1 1 1
Scale_Time: 566.667 Scale: 1 1 1
Scale_Time: 600 Scale: 1 1 1
Scale_Time: 633.333 Scale: 1 1 1
Scale_Time: 666.667 Scale: 1 1 1
Scale_Time: 700 Scale: 1 1 1
Rotate_Time: 0 Rotation: 0.0217646 0.00921728 -0.000664077 0.99972
Rotate_Time: 33.3333 Rotation: 0.0221052 0.012933 -0.0023371 0.999669
Rotate_Time: 66.6667 Rotation: 0.019188 0.0181221 -0.0005457 0.999651
Rotate_Time: 100 Rotation: 0.0161209 0.0213716 -0.000704826 0.999641
Rotate_Time: 133.333 Rotation: 0.00882655 0.0240404 0.0019213 0.99967
Rotate_Time: 166.667 Rotation: 0.00415005 0.0235293 0.00456043 0.999704
Rotate_Time: 200 Rotation: 0.00568965 0.021188 0.00153884 0.999758
Rotate_Time: 233.333 Rotation: 0.00753066 0.0199667 0.00138484 0.999771
Rotate_Time: 266.667 Rotation: 0.0138771 0.0180519 0.00465316 0.99973
Rotate_Time: 300 Rotation: 0.0178366 0.0129393 0.00522625 0.999744
Rotate_Time: 333.333 Rotation: 0.0191572 0.00635202 0.00251667 0.999793
Rotate_Time: 366.667 Rotation: 0.0240255 0.00301109 0.00635338 0.999687
Rotate_Time: 400 Rotation: 0.0216539 -0.00496843 -0.0038721 0.999746
Rotate_Time: 433.333 Rotation: 0.0259131 -0.0106803 -0.00158985 0.999606
Rotate_Time: 466.667 Rotation: 0.0288528 -0.014365 -0.00215469 0.999478
Rotate_Time: 500 Rotation: 0.0302544 -0.0158906 -0.00363675 0.999409
Rotate_Time: 533.333 Rotation: 0.0263791 -0.0141789 -0.00473323 0.99954
Rotate_Time: 566.667 Rotation: 0.0245469 -0.0131225 -0.00623599 0.999593
Rotate_Time: 600 Rotation: 0.0260269 -0.0116755 -0.0101999 0.999541
Rotate_Time: 633.333 Rotation: 0.0273201 -0.00550089 -0.00833232 0.999577
Rotate_Time: 666.667 Rotation: 0.0258555 0.000915813 -0.00709169 0.99964
Rotate_Time: 700 Rotation: 0.0217648 0.00921729 -0.0006641 0.99972
Pos_Time: 0 Pos: 0 17.535 -1.1031
Pos_Time: 33.3333 Pos: 0 17.535 -1.1031
Pos_Time: 66.6667 Pos: 0 17.535 -1.1031
Pos_Time: 100 Pos: 0 17.535 -1.1031
Pos_Time: 133.333 Pos: 0 17.535 -1.1031
Pos_Time: 166.667 Pos: 0 17.535 -1.1031
Pos_Time: 200 Pos: 0 17.535 -1.1031
Pos_Time: 233.333 Pos: 0 17.535 -1.1031
Pos_Time: 266.667 Pos: 0 17.535 -1.1031
Pos_Time: 300 Pos: 0 17.535 -1.1031
Pos_Time: 333.333 Pos: 0 17.535 -1.1031
Pos_Time: 366.667 Pos: 0 17.535 -1.1031
Pos_Time: 400 Pos: 0 17.535 -1.1031
Pos_Time: 433.333 Pos: 0 17.535 -1.1031
Pos_Time: 466.667 Pos: 0 17.535 -1.1031
Pos_Time: 500 Pos: 0 17.535 -1.1031
Pos_Time: 533.333 Pos: 0 17.535 -1.1031
Pos_Time: 566.667 Pos: 0 17.535 -1.1031
Pos_Time: 600 Pos: 0 17.535 -1.1031
Pos_Time: 633.333 Pos: 0 17.535 -1.1031
Pos_Time: 666.667 Pos: 0 17.535 -1.1031
Pos_Time: 700 Pos: 0 17.535 -1.1031

#1_KeyFrame
Scale_Size: 22
Rotate_Size: 22
Pos_Size: 22
Scale_Time: 0 Scale: 1 1 1
Scale_Time: 33.3333 Scale: 1 1 1
Scale_Time: 66.6667 Scale: 1 1 1
Scale_Time: 100 Scale: 1 1 1
Scale_Time: 133.333 Scale: 1 1 1
Scale_Time: 166.667 Scale: 1 1 1
Scale_Time: 200 Scale: 1 1 1
Scale_Time: 233.333 Scale: 1 1 1
Scale_Time: 266.667 Scale: 1 1 1
Scale_Time: 300 Scale: 1 1 1
Scale_Time: 333.333 Scale: 1 1 1
Scale_Time: 366.667 Scale: 1 1 1
Scale_Time: 400 Scale: 1 1 1
Scale_Time: 433.333 Scale: 1 1 1
Scale_Time: 466.667 Scale: 1 1 1
Scale_Time: 500 Scale: 1 1 1
Scale_Time: 533.333 Scale: 1 1 1
Scale_Time: 566.667 Scale: 1 1 1
Scale_Time: 600 Scale: 1 1 1
Scale_Time: 633.333 Scale: 1 1 1
Scale_Time: 666.667 Scale: 1 1 1
Scale_Time: 700 Scale: 1 1 1
Rotate_Time: 0 Rotation: -0.0469768 -0.0255074 -0.0172757 0.998421
Rotate_Time: 33.3333 Rotation: -0.0470541 -0.0214242 -0.0063355 0.998643
Rotate_Time: 66.6667 Rotation: -0.0442673 -0.0286469 0.00241443 0.998606
Rotate_Time: 100 Rotation: -0.0452592 -0.0452857 0.0133933 0.997858
Rotate_Time: 133.333 Rotation: -0.0472682 -0.0478486 0.00983655 0.997687
Rotate_Time: 166.667 Rotation: -0.0354159 -0.0315655 0.00349391 0.998868
Rotate_Time: 200 Rotation: -0.0249861 -0.0366127 0.00207084 0.999015
Rotate_Time: 233.333 Rotation: -0.020648 -0.0546699 0.00284603 0.998287
Rotate_Time: 266.667 Rotation: -0.0190992 -0.0576204 0.00468263 0.998145
Rotate_Time: 300 Rotation: -0.0279833 -0.0515228 0.00506555 0.998267
Rotate_Time: 333.333 Rotation: -0.0323671 -0.0477569 0.00135248 0.998334
Rotate_Time: 366.667 Rotation: -0.0351055 -0.0480377 -0.0161254 0.998098
Rotate_Time: 400 Rotation: -0.0441794 -0.0304154 -0.0310987 0.998076
Rotate_Time: 433.333 Rotation: -0.0621564 -0.00229016 -0.0412853 0.99721
Rotate_Time: 466.667 Rotation: -0.0763186 0.00267042 -0.0374031 0.996378
Rotate_Time: 500 Rotation: -0.0665775 0.00126381 -0.0290283 0.997358
Rotate_Time: 533.333 Rotation: -0.0563288 0.00268777 -0.0240729 0.998118
Rotate_Time: 566.667 Rotation: -0.0552534 -0.00220695 -0.0220583 0.998226
Rotate_Time: 600 Rotation: -0.0540102 -0.0107984 -0.017649 0.998326
Rotate_Time: 633.333 Rotation: -0.0549647 -0.0221187 -0.0252884 0.997923
Rotate_Time: 666.667 Rotation: -0.0490208 -0.0344061 -0.0332858 0.99765
Rotate_Time: 700 Rotation: -0.0469768 -0.0255075 -0.0172757 0.998421
Pos_Time: 0 Pos: 0.0721721 54.5533 0.101596
Pos_Time: 33.3333 Pos: 0.267987 55.5758 -9.6751
Pos_Time: 66.6667 Pos: 0.293705 56.5723 -19.3435
Pos_Time: 100 Pos: 0.267736 57.0268 -29.4111
Pos_Time: 133.333 Pos: 0.310174 57.0415 -39.6286
Pos_Time: 166.667 Pos: 0.45891 56.849 -49.0081
Pos_Time: 200 Pos: 0.552183 56.5915 -58.58
Pos_Time: 233.333 Pos: 0.506495 55.9158 -67.5981
Pos_Time: 266.667 Pos: 0.394331 54.6565 -76.19
Pos_Time: 300 Pos: 0.290209 53.4927 -84.3506
Pos_Time: 333.333 Pos: 0.0689109 53.3804 -92.6049
Pos_Time: 366.667 Pos: 0.0714476 54.2145 -101.553
Pos_Time: 400 Pos: 0.11955 55.5949 -111.267
Pos_Time: 433.333 Pos: 0.107568 56.6055 -121.055
Pos_Time: 466.667 Pos: 0.159815 57.0481 -130.455
Pos_Time: 500 Pos: 0.157912 56.7179 -140.124
Pos_Time: 533.333 Pos: 0.0908552 55.9842 -149.803
Pos_Time: 566.667 Pos: 0.050275 55.1247 -158.72
Pos_Time: 600 Pos: 0.0119469 54.4072 -167.661
Pos_Time: 633.333 Pos: -0.0882519 53.5862 -176.061
Pos_Time: 666.667 Pos: -0.126451 53.5074 -184.627
Pos_Time: 700 Pos: 0.0721714 54.5533 -193.775

#2_KeyFrame
Scale_Size: 22
Rotate_Size: 22
Pos_Size: 22
Scale_Time: 0 Scale: 1 1 1
Scale_Time: 33.3333 Scale: 1 1 1
Scale_Time: 66.6667 Scale: 1 1 1
Scale_Time: 100 Scale: 1 1 1
Scale_Time: 133.333 Scale: 1 1 1
Scale_Time: 166.667 Scale: 1 1 1
Scale_Time: 200 Scale: 1 1 1
Scale_Time: 233.333 Scale: 1 1 1
Scale_Time: 266.667 Scale: 1 1 1
Scale_Time: 300 Scale: 1 1 1
Scale_Time: 333.333 Scale: 1 1 1
Scale_Time: 366.667 Scale: 1 1 1
Scale_Time: 400 Scale: 1 1 1
Scale_Time: 433.333 Scale: 1 1 1
Scale_Time: 466.667 Scale: 1 1 1
Scale_Time: 500 Scale: 1 1 1
Scale_Time: 533.333 Scale: 1 1 1
Scale_Time: 566.667 Scale: 1 1 1
Scale_Time: 600 Scale: 1 1 1
Scale_Time: 633.333 Scale: 1 1 1
Scale_Time: 666.667 Scale: 1 1 1
Scale_Time: 700 Scale: 1 1 1
Rotate_Time: 0 Rotation: -0.375663 -0.0390673 -0.243422 0.893363
Rotate_Time: 33.3333 Rotation: -0.347287 -0.0446806 -0.263917 0.898745
Rotate_Time: 66.6667 Rotation: -0.311638 -0.0597301 -0.272867 0.908217
Rotate_Time: 100 Rotation: -0.275315 -0.0786274 -0.274474 0.917978
Rotate_Time: 133.333 Rotation: -0.246273 -0.0954436 -0.272319 0.925247
Rotate_Time: 166.667 Rotation: -0.229459 -0.102897 -0.26359 0.931279
Rotate_Time: 200 Rotation: -0.224404 -0.0946515 -0.23803 0.940227
Rotate_Time: 233.333 Rotation: -0.230184 -0.069385 -0.187723 0.952345
Rotate_Time: 266.667 Rotation: -0.249189 -0.0336242 -0.118407 0.960601
Rotate_Time: 300 Rotation: -0.27977 0.00130514 -0.0496108 0.958784
Rotate_Time: 333.333 Rotation: -0.31003 0.0285262 -0.000512737 0.950298
Rotate_Time: 366.667 Rotation: -0.326496 0.0501309 0.0225209 0.9436
Rotate_Time: 400 Rotation: -0.325107 0.0706779 0.0247515 0.942707
Rotate_Time: 433.333 Rotation: -0.312179 0.090425 0.016479 0.945567
Rotate_Time: 466.667 Rotation: -0.298763 0.105101 0.00527227 0.948507
Rotate_Time: 500 Rotation: -0.293557 0.108322 -0.0106837 0.949724
Rotate_Time: 533.333 Rotation: -0.298913 0.0954177 -0.0380684 0.948734
Rotate_Time: 566.667 Rotation: -0.312896 0.0676306 -0.0765558 0.944278
Rotate_Time: 600 Rotation: -0.331737 0.0319751 -0.117882 0.935431
Rotate_Time: 633.333 Rotation: -0.350485 -0.00255109 -0.156708 0.923361
Rotate_Time: 666.667 Rotation: -0.365926 -0.0282659 -0.196297 0.909267
Rotate_Time: 700 Rotation: -0.375663 -0.0390673 -0.243422 0.893363
Pos_Time: 0 Pos: 0 10.4392 -0
Pos_Time: 33.3333 Pos: 0 10.4392 -0
Pos_Time: 66.6667 Pos: 0 10.4392 -0
Pos_Time: 100 Pos: 0 10.4392 -0
Pos_Time: 133.333 Pos: 0 10.4392 -0
Pos_Time: 166.667 Pos: 0 10.4392 -0
Pos_Time: 200 Pos: 0 10.4392 -0
Pos_Time: 233.333 Pos: 0 10.4392 -0
Pos_Time: 266.667 Pos: 0 10.4392 -0
Pos_Time: 300 Pos: 0 10.4392 -0
Pos_Time: 333.333 Pos: 0 10.4392 -0
Pos_Time: 366.667 Pos: 0 10.4392 -0
Pos_Time: 400 Pos: 0 10.4392 -0
Pos_Time: 433.333 Pos: 0 10.4392 -0
Pos_Time: 466.667 Pos: 0 10.4392 -0
Pos_Time: 500 Pos: 0 10.4392 -0
Pos_Time: 533.333 Pos: 0 10.4392 -0
Pos_Time: 566.667 Pos: 0 10.4392 -0
Pos_Time: 600 Pos: 0 10.4392 -0
Pos_Time: 633.333 Pos: 0 10.4392 -0
Pos_Time: 666.667 Pos: 0 10.4392 -0
Pos_Time: 700 Pos: 0 10.4392 -0

#3_KeyFrame
Scale_Size: 22
Rotate_Size: 22
Pos_Size: 22
Scale_Time: 0 Scale: 1 1 1
Scale_Time: 33.3333 Scale: 1 1 1
Scale_Time: 66.6667 Scale: 1 1 1
Scale_Time: 100 Scale: 1 1 1
Scale_Time: 133.333 Scale: 1 1 1
Scale_Time: 166.667 Scale: 1 1 1
Scale_Time: 200 Scale: 1 1 1
Scale_Time: 233.333 Scale: 1 1 1
Scale_Time: 266.667 Scale: 1 1 1
Scale_Time: 300 Scale: 1 1 1
Scale_Time: 333.333 Scale: 1 1 1
Scale_Time: 366.667 Scale: 1 1 1
Scale_Time: 400 Scale: 1 1 1
Scale_Time: 433.333 Scale: 1 1 1
Scale_Time: 466.667 Scale: 1 1 1
Scale_Time: 500 Scale: 1 1 1
Scale_Time: 533.333 Scale: 1 1 1
Scale_Time: 566.667 Scale: 1 1 1
Scale_Time: 600 Scale: 1 1 1
Scale_Time: 633.333 Scale: 1 1 1
Scale_Time: 666.667 Scale: 1 1 1
Scale_Time: 700 Scale: 1 1 1
Rotate_Time: 0 Rotation: -0.530336 -0.00752892 0.0688741 0.844951
Rotate_Time: 33.3333 Rotation: -0.562099 0.0569717 -0.0626068 0.822726
Rotate_Time: 66.6667 Rotation: -0.550589 0.0238104 0.0073066 0.834405
Rotate_Time: 100 Rotation: -0.525575 0.0269342 0.004953 0.850306
Rotate_Time: 133.333 Rotation: -0.553508 0.0325045 -0.00509672 0.832194
Rotate_Time: 166.667 Rotation: -0.572981 0.0288289 0.00231028 0.819058
Rotate_Time: 200 Rotation: -0.572039 0.0221315 0.0186126 0.819717
Rotate_Time: 233.333 Rotation: -0.519285 -0.00379227 0.0660726 0.852035
Rotate_Time: 266.667 Rotation: -0.447996 -0.00461336 0.0677157 0.891456
Rotate_Time: 300 Rotation: -0.603412 -0.00867684 0.0754582 0.793804
Rotate_Time: 333.333 Rotation: -0.68299 -0.00530913 0.0686536 0.727175
Rotate_Time: 366.667 Rotation: -0.687237 0.00339106 0.0538357 0.724428
Rotate_Time: 400 Rotation: -0.610927 0.00871205 0.0498892 0.790065
Rotate_Time: 433.333 Rotation: -0.442228 0.018223 0.0327392 0.89612
Rotate_Time: 466.667 Rotation: -0.377248 0.0255692 0.00995221 0.925706
Rotate_Time: 500 Rotation: -0.399545 0.0399645 -0.0150866 0.915718
Rotate_Time: 533.333 Rotation: -0.393407 0.0501172 -0.0338783 0.917372
Rotate_Time: 566.667 Rotation: -0.4309 0.0465662 -0.0283807 0.90075
Rotate_Time: 600 Rotation: -0.468654 0.0499428 -0.0357509 0.881244
Rotate_Time: 633.333 Rotation: -0.505805 0.0227948 0.0128884 0.86225
Rotate_Time: 666.667 Rotation: -0.524527 0.00952741 0.0367921 0.850545
Rotate_Time: 700 Rotation: -0.530336 -0.00752902 0.0688743 0.844952
Pos_Time: 0 Pos: 0 20.0861 -0
Pos_Time: 33.3333 Pos: 0 20.0861 -0
Pos_Time: 66.6667 Pos: 0 20.0861 -0
Pos_Time: 100 Pos: 0 20.0861 -0
Pos_Time: 133.333 Pos: 0 20.0861 -0
Pos_Time: 166.667 Pos: 0 20.0861 -0
Pos_Time: 200 Pos: 0 20.0861 -0
Pos_Time: 233.333 Pos: 0 20.0861 -0
Pos_Time: 266.667 Pos: 0 20.0861 -0
Pos_Time: 300 Pos: 0 20.0861 -0
Pos_Time: 333.333 Pos: 0 20.0861 -0
Pos_Time: 366.667 Pos: 0 20.0861 -0
Pos_Time: 400 Pos: 0 20.0861 -0
Pos_Time: 433.333 Pos: 0 20.0861 -0
Pos_Time: 466.667 Pos: 0 20.0861 -0
Pos_Time: 500 Pos: 0 20.0861 -0
Pos_Time: 533.333 Pos: 0 20.0861 -0
Pos_Time: 566.667 Pos: 0 20.0861 -0
Pos_Time: 600 Pos: 0 20.0861 -0
Pos_Time: 633.333 Pos: 0 20.0861 -0
Pos_Time: 666.667 Pos: 0 20.0861 -0
Pos_Time: 700 Pos: 0 20.0861 -0

#4_KeyFrame
Scale_Size: 22
Rotate_Size: 22
Pos_Size: 22
Scale_Time: 0 Scale: 1 1 1
Scale_Time: 33.3333 Scale: 1 1 1
Scale_Time: 66.6667 Scale: 1 1 1
Scale_Time: 100 Scale: 1 1 1
Scale_Time: 133.333 Scale: 1 1 1
Scale_Time: 166.667 Scale: 1 1 1
Scale_Time: 200 Scale: 1 1 1
Scale_Time: 233.333 Scale: 1 1 1
Scale_Time: 266.667 Scale: 1 1 1
Scale_Time: 300 Scale: 1 1 1
Scale_Time: 333.333 Scale: 1 1 1
Scale_Time: 366.667 Scale: 1 1 1
Scale_Time: 400 Scale: 1 1 1
Scale_Time: 433.333 Scale: 1 1 1
Scale_Time: 466.667 Scale: 1 1 1
Scale_Time: 500 Scale: 1 1 1
Scale_Time: 533.333 Scale: 1 1 1
Scale_Time: 566.667 Scale: 1 1 1
Scale_Time: 600 Scale: 1 1 1
Scale_Time: 633.333 Scale: 1 1 1
Scale_Time: 666.667 Scale: 1 1 1
Scale_Time: 700 Scale: 1 1 1
Rotate_Time: 0 Rotation: -0.0903328 -0.0691609 0.78232 0.612398
Rotate_Time: 33.3333 Rotation: -0.0851566 -0.0968712 0.742821 0.656949
Rotate_Time: 66.6667 Rotation: -0.0760733 -0.121829 0.698977 0.700572
Rotate_Time: 100 Rotation: -0.0667435 -0.141027 0.659715 0.735141
Rotate_Time: 133.333 Rotation: -0.0610076 -0.15172 0.633967 0.755874
Rotate_Time: 166.667 Rotation: -0.0625029 -0.154173 0.62438 0.7632
Rotate_Time: 200 Rotation: -0.0723407 -0.150228 0.626713 0.761202
Rotate_Time: 233.333 Rotation: -0.087325 -0.140557 0.634521 0.754985
Rotate_Time: 266.667 Rotation: -0.100985 -0.124487 0.644312 0.747775
Rotate_Time: 300 Rotation: -0.107363 -0.10211 0.657649 0.73861
Rotate_Time: 333.333 Rotation: -0.104374 -0.0754574 0.679038 0.722717
Rotate_Time: 366.667 Rotation: -0.093963 -0.047281 0.7114 0.694871
Rotate_Time: 400 Rotation: -0.0799855 -0.0198132 0.752228 0.65373
Rotate_Time: 433.333 Rotation: -0.0662347 0.0041624 0.793955 0.604344
Rotate_Time: 466.667 Rotation: -0.0557543 0.0208117 0.82887 0.556267
Rotate_Time: 500 Rotation: -0.0512101 0.0276651 0.853119 0.518459
Rotate_Time: 533.333 Rotation: -0.0549796 0.0254559 0.866053 0.496268
Rotate_Time: 566.667 Rotation: -0.0678078 0.0168404 0.867424 0.492639
Rotate_Time: 600 Rotation: -0.0862509 0.00351603 0.856607 0.508697
Rotate_Time: 633.333 Rotation: -0.101767 -0.0149133 0.834988 0.540571
Rotate_Time: 666.667 Rotation: -0.105128 -0.0392059 0.807902 0.578537
Rotate_Time: 700 Rotation: -0.0903328 -0.0691608 0.78232 0.612398
Pos_Time: 0 Pos: 0 16.8656 -0
Pos_Time: 33.3333 Pos: 0 16.8656 -0
Pos_Time: 66.6667 Pos: 0 16.8656 -0
Pos_Time: 100 Pos: 0 16.8656 -0
Pos_Time: 133.333 Pos: 0 16.8656 -0
Pos_Time: 166.667 Pos: 0 16.8656 -0
Pos_Time: 200 Pos: 0 16.8656 -0
Pos_Time: 233.333 Pos: 0 16.8656 -0
Pos_Time: 266.667 Pos: 0 16.8656 -0
Pos_Time: 300 Pos: 0 16.8656 -0
Pos_Time: 333.333 Pos: 0 16.8656 -0
Pos_Time: 366.667 Pos: 0 16.8656 -0
Pos_Time: 400 Pos: 0 16.8656 -0
Pos_Time: 433.333 Pos: 0 16.8656 -0
Pos_Time: 466.667 Pos: 0 16.8656 -0
Pos_Time: 500 Pos: 0 16.8656 -0
Pos_Time: 533.333 Pos: 0 16.8656 -0
Pos_Time: 566.667 Pos: 0 16.8656 -0
Pos_Time: 600 Pos: 0 16.8656 -0
Pos_Time: 633.333 Pos: 0 16.8656 -0
Pos_Time: 666.667 Pos: 0 16.8656 -0
Pos_Time: 700 Pos: 0 16.8656 -0

#5_KeyFrame
Scale_Size: 22
Rotate_Size: 22
Pos_Size: 22
Scale_Time: 0 Scale: 1 1 1
Scale_Time: 33.3333 Scale: 1 1 1
Scale_Time: 66.6667 Scale: 1 1 1
Scale_Time: 100 Scale: 1 1 1
Scale_Time: 133.333 Scale: 1 1 1
Scale_Time: 166.667 Scale: 1 1 1
Scale_Time: 200 Scale: 1 1 1
Scale_Time: 233.333 Scale: 1 1 1
Scale_Time: 266.667 Scale: 1 1 1
Scale_Time: 300 Scale: 1 1 1
Scale_Time: 333.333 Scale: 1 1 1
Scale_Time: 366.667 Scale: 1 1 1
Scale_Time: 400 Scale: 1 1 1
Scale_Time: 433.333 Scale: 1 1 1
Scale_Time: 466.667 Scale: 1 1 1
Scale_Time: 500 Scale: 1 1 1
Scale_Time: 533.333 Scale: 1 1 1
Scale_Time: 566.667 Scale: 1 1 1
Scale_Time: 600 Scale: 1 1 1
Scale_Time: 633.333 Scale: 1 1 1
Scale_Time: 666.667 Scale: 1 1 1
Scale_Time: 700 Scale: 1 1 1
Rotate_Time: 0 Rotation: -0.000364252 -0.0979042 0.174188 0.979833
Rotate_Time: 33.3333 Rotation: -0.00225587 -0.117517 0.17375 0.97775
Rotate_Time: 66.6667 Rotation: -0.00112314 -0.125134 0.174813 0.976617
Rotate_Time: 100 Rotation: 0.00109765 -0.124104 0.176547 0.976436
Rotate_Time: 133.333 Rotation: 0.00248524 -0.117451 0.178299 0.976938
Rotate_Time: 166.667 Rotation: 0.00193717 -0.106756 0.18025 0.977808
Rotate_Time: 200 Rotation: 9.16994e-05 -0.0917469 0.183452 0.978738
Rotate_Time: 233.333 Rotation: -0.000250549 -0.0725358 0.188865 0.979321
Rotate_Time: 266.667 Rotation: 0.00451979 -0.051828 0.196212 0.97918
Rotate_Time: 300 Rotation: 0.0151294 -0.0345037 0.204102 0.978224
Rotate_Time: 333.333 Rotation: 0.0278705 -0.0242485 0.211203 0.976744
Rotate_Time: 366.667 Rotation: 0.0372177 -0.0209268 0.216859 0.975269
Rotate_Time: 400 Rotation: 0.0392898 -0.0212299 0.220699 0.974319
Rotate_Time: 433.333 Rotation: 0.0340324 -0.0217308 0.22242 0.974114
Rotate_Time: 466.667 Rotation: 0.0243776 -0.0218938 0.222048 0.974485
Rotate_Time: 500 Rotation: 0.0133416 -0.0244056 0.220214 0.975055
Rotate_Time: 533.333 Rotation: 0.00360077 -0.0320445 0.216139 0.97583
Rotate_Time: 566.667 Rotation: -0.00110136 -0.0435792 0.211071 0.976498
Rotate_Time: 600 Rotation: 0.00204791 -0.0542661 0.20782 0.976658
Rotate_Time: 633.333 Rotation: 0.0100284 -0.0622751 0.205196 0.976686
Rotate_Time: 666.667 Rotation: 0.0126275 -0.0731632 0.197774 0.977432
Rotate_Time: 700 Rotation: -0.000364338 -0.0979043 0.174188 0.979833
Pos_Time: 0 Pos: 0 21.1326 -0
Pos_Time: 33.3333 Pos: 0 21.1326 -0
Pos_Time: 66.6667 Pos: 0 21.1326 -0
Pos_Time: 100 Pos: 0 21.1326 -0
Pos_Time: 133.333 Pos: 0 21.1326 -0
Pos_Time: 166.667 Pos: 0 21.1326 -0
Pos_Time: 200 Pos: 0 21.1326 -0
Pos_Time: 233.333 Pos: 0 21.1326 -0
Pos_Time: 266.667 Pos: 0 21.1326 -0
Pos_Time: 300 Pos: 0 21.1326 -0
Pos_Time: 333.333 Pos: 0 21.1326 -0
Pos_Time: 366.667 Pos: 0 21.1326 -0
Pos_Time: 400 Pos: 0 21.1326 -0
Pos_Time: 433.333 Pos: 0 21.1326 -0
Pos_Time: 466.667 Pos: 0 21.1326 -0
Pos_Time: 500 Pos: 0 21.1326 -0
Pos_Time: 533.333 Pos: 0 21.1326 -0
Pos_Time: 566.667 Pos: 0 21.1326 -0
Pos_Time: 600 Pos: 0 21.1326 -0
Pos_Time: 633.333 Pos: 0 21.1326 -0
Pos_Time: 666.667 Pos: 0 21.1326 -0
Pos_Time: 700 Pos: 0 21.1326 -0

#6_KeyFrame
Scale_Size: 22
Rotate_Size: 22
Pos_Size: 22
Scale_Time: 0 Scale: 1 1 1
Scale_Time: 33.3333 Scale: 1 1 1
Scale_Time: 66.6667 Scale: 1 1 1
Scale_Time: 100 Scale: 1 1 1
Scale_Time: 133.333 Scale: 1 1 1
Scale_Time: 166.667 Scale: 1 1 1
Scale_Time: 200 Scale: 1 1 1
Scale_Time: 233.333 Scale: 1 1 1
Scale_Time: 266.667 Scale: 1 1 1
Scale_Time: 300 Scale: 1 1 1
Scale_Time: 333.333 Scale: 1 1 1
Scale_Time: 366.667 Scale: 1 1 1
Scale_Time: 400 Scale: 1 1 1
Scale_Time: 433.333 Scale: 1 1 1
Scale_Time: 466.667 Scale: 1 1 1
Scale_Time: 500 Scale: 1 1 1
Scale_Time: 533.333 Scale: 1 1 1
Scale_Time: 566.667 Scale: 1 1 1
Scale_Time: 600 Scale: 1 1 1
Scale_Time: 633.333 Scale: 1 1 1
Scale_Time: 666.667 Scale: 1 1 1
Scale_Time: 700 Scale: 1 1 1
Rotate_Time: 0 Rotation: -0.627567 0.00209569 0.043375 0.777351
Rotate_Time: 33.3333 Rotation: -0.617367 0.00215946 0.0427213 0.785511
Rotate_Time: 66.6667 Rotation: -0.592623 0.00231032 0.0411336 0.804426
Rotate_Time: 100 Rotation: -0.562335 0.00248776 0.0391861 0.825977
Rotate_Time: 133.333 Rotation: -0.536358 0.00263351 0.0375129 0.843152
Rotate_Time: 166.667 Rotation: -0.525308 0.0026939 0.0368001 0.850112
Rotate_Time: 200 Rotation: -0.52815 0.00267845 0.0369835 0.848341
Rotate_Time: 233.333 Rotation: -0.535913 0.00263614 0.0374841 0.843436
Rotate_Time: 266.667 Rotation: -0.547427 0.00257205 0.0382262 0.835976
Rotate_Time: 300 Rotation: -0.561518 0.00249241 0.0391336 0.826535
Rotate_Time: 333.333 Rotation: -0.577034 0.00240296 0.0401316 0.81573
Rotate_Time: 366.667 Rotation: -0.592864 0.00230924 0.0411489 0.804247
Rotate_Time: 400 Rotation: -0.607953 0.0022178 0.0421173 0.792852
Rotate_Time: 433.333 Rotation: -0.621304 0.00213514 0.0429734 0.782387
Rotate_Time: 466.667 Rotation: -0.631974 0.00206791 0.0436568 0.773756
Rotate_Time: 500 Rotation: -0.639049 0.00202243 0.0441093 0.767898
Rotate_Time: 533.333 Rotation: -0.641615 0.00200621 0.0442739 0.765746
Rotate_Time: 566.667 Rotation: -0.640164 0.00201563 0.044181 0.766964
Rotate_Time: 600 Rotation: -0.636694 0.00203779 0.043959 0.76986
Rotate_Time: 633.333 Rotation: -0.632536 0.00206419 0.0436932 0.773295
Rotate_Time: 666.667 Rotation: -0.629038 0.00208618 0.0434692 0.776156
Rotate_Time: 700 Rotation: -0.627566 0.00208514 0.043393 0.77735
Pos_Time: 0 Pos: -3.1464 11.1647 -0.1278
Pos_Time: 33.3333 Pos: -3.1464 11.1647 -0.1278
Pos_Time: 66.6667 Pos: -3.1464 11.1647 -0.1278
Pos_Time: 100 Pos: -3.1464 11.1647 -0.1278
Pos_Time: 133.333 Pos: -3.1464 11.1647 -0.1278
Pos_Time: 166.667 Pos: -3.1464 11.1647 -0.1278
Pos_Time: 200 Pos: -3.1464 11.1647 -0.1278
Pos_Time: 233.333 Pos: -3.1464 11.1647 -0.1278
Pos_Time: 266.667 Pos: -3.1464 11.1647 -0.1278
Pos_Time: 300 Pos: -3.1464 11.1647 -0.1278
Pos_Time: 333.333 Pos: -3.1464 11.1647 -0.1278
Pos_Time: 366.667 Pos: -3.1464 11.1647 -0.1278
Pos_Time: 400 Pos: -3.1464 11.1647 -0.1278
Pos_Time: 433.333 Pos: -3.1464 11.1647 -0.1278
Pos_Time: 466.667 Pos: -3.1464 11.1647 -0.1278
Pos_Time: 500 Pos: -3.1464 11.1647 -0.1278
Pos_Time: 533.333 Pos: -3.1464 11.1647 -0.1278
Pos_Time: 566.667 Pos: -3.1464 11.1647 -0.1278
Pos_Time: 600 Pos: -3.1464 11.1647 -0.1278
Pos_Time: 633.333 Pos: -3.1464 11.1647 -0.1278
Pos_Time: 666.667 Pos: -3.1464 11.1647 -0.1278
Pos_Time: 700 Pos: -3.1464 11.1647 -0.1278

#7_KeyFrame
Scale_Size: 22
Rotate_Size: 22
Pos_Size: 22
Scale_Time: 0 Scale: 1 1 1
Scale_Time: 33.3333 Scale: 1 1 1
Scale_Time: 66.6667 Scale: 1 1 1
Scale_Time: 100 Scale: 1 1 1
Scale_Time: 133.333 Scale: 1 1 1
Scale_Time: 166.667 Scale: 1 1 1
Scale_Time: 200 Scale: 1 1 1
Scale_Time: 233.333 Scale: 1 1 1
Scale_Time: 266.667 Scale: 1 1 1
Scale_Time: 300 Scale: 1 1 1
Scale_Time: 333.333 Scale: 1 1 1
Scale_Time: 366.667 Scale: 1 1 1
Scale_Time: 400 Scale: 1 1 1
Scale_Time: 433.333 Scale: 1 1 1
Scale_Time: 466.667 Scale: 1 1 1
Scale_Time: 500 Scale: 1 1 1
Scale_Time: 533.333 Scale: 1 1 1
Scale_Time: 566.667 Scale: 1 1 1
Scale_Time: 600 Scale: 1 1 1
Scale_Time: 633.333 Scale: 1 1 1
Scale_Time: 666.667 Scale: 1 1 1
Scale_Time: 700 Scale: 1 1 1
Rotate_Time: 0 Rotation: -0.681701 0.014099 0.0370073 0.730558
Rotate_Time: 33.3333 Rotation: -0.672137 0.0138408 0.0360231 0.739421
Rotate_Time: 66.6667 Rotation: -0.648868 0.0132145 0.0336513 0.760041
Rotate_Time: 100 Rotation: -0.620273 0.0124488 0.0307773 0.783683
Rotate_Time: 133.333 Rotation: -0.595651 0.0117945 0.0283368 0.802657
Rotate_Time: 166.667 Rotation: -0.585151 0.0115168 0.027305 0.810382
Rotate_Time: 200 Rotation: -0.587854 0.0115883 0.0275699 0.808414
Rotate_Time: 233.333 Rotation: -0.595229 0.0117839 0.028295 0.802972
Rotate_Time: 266.667 Rotation: -0.606153 0.0120738 0.0293737 0.794713
Rotate_Time: 300 Rotation: -0.619501 0.0124289 0.0306992 0.784297
Rotate_Time: 333.333 Rotation: -0.634167 0.012821 0.0321667 0.77242
Rotate_Time: 366.667 Rotation: -0.649098 0.0132213 0.0336723 0.759845
Rotate_Time: 400 Rotation: -0.663297 0.0136036 0.0351156 0.747409
Rotate_Time: 433.333 Rotation: -0.675833 0.0139423 0.0363999 0.736024
Rotate_Time: 466.667 Rotation: -0.685831 0.0142132 0.0374312 0.726659
Rotate_Time: 500 Rotation: -0.692451 0.0143933 0.0381174 0.720314
Rotate_Time: 533.333 Rotation: -0.69485 0.0144584 0.038367 0.717985
Rotate_Time: 566.667 Rotation: -0.693493 0.014421 0.0382262 0.719304
Rotate_Time: 600 Rotation: -0.690248 0.0143325 0.0378899 0.722438
Rotate_Time: 633.333 Rotation: -0.686356 0.014226 0.0374875 0.72616
Rotate_Time: 666.667 Rotation: -0.68308 0.0141363 0.0371496 0.729261
Rotate_Time: 700 Rotation: -0.681701 0.0140989 0.0370073 0.730558
Pos_Time: 0 Pos: -0.0001 3.8086 -0
Pos_Time: 33.3333 Pos: -0.0001 3.8086 -0
Pos_Time: 66.6667 Pos: -0.0001 3.8086 -0
Pos_Time: 100 Pos: -0.0001 3.8086 -0
Pos_Time: 133.333 Pos: -0.0001 3.8086 -0
Pos_Time: 166.667 Pos: -0.0001 3.8086 -0
Pos_Time: 200 Pos: -0.0001 3.8086 -0
Pos_Time: 233.333 Pos: -0.0001 3.8086 -0
Pos_Time: 266.667 Pos: -0.0001 3.8086 -0
Pos_Time: 300 Pos: -0.0001 3.8086 -0
Pos_Time: 333.333 Pos: -0.0001 3.8086 -0
Pos_Time: 366.667 Pos: -0.0001 3.8086 -0
Pos_Time: 400 Pos: -0.0001 3.8086 -0
Pos_Time: 433.333 Pos: -0.0001 3.8086 -0
Pos_Time: 466.667 Pos: -0.0001 3.8086 -0
Pos_Time: 500 Pos: -0.0001 3.8086 -0
Pos_Time: 533.333 Pos: -0.0001 3.8086 -0
Pos_Time: 566.667 Pos: -0.0001 3.8086 -0
Pos_Time: 600 Pos: -0.0001 3.8086 -0
Pos_Time: 633.333 Pos: -0.0001 3.8086 -0
Pos_Time: 666.667 Pos: -0.0001 3.8086 -0
Pos_Time: 700 Pos: -0.0001 3.8086 -0

#8_KeyFrame
Scale_Size: 22
Rotate_Size: 22
Pos_Size: 22
Scale_Time: 0 Scale: 1 1 1
Scale_Time: 33.3333 Scale: 1 1 1
Scale_Time: 66.6667 Scale: 1 1 1
Scale_Time: 100 Scale: 1 1 1
Scale_Time: 133.333 Scale: 1 1 1
Scale_Time: 166.667 Scale: 1 1 1
Scale_Time: 200 Scale: 1 1 1
Scale_Time: 233.333 Scale: 1 1 1
Scale_Time: 266.667 Scale: 1 1 1
Scale_Time: 300 Scale: 1 1 1
Scale_Time: 333.333 Scale: 1 1 1
Scale_Time: 366.667 Scale: 1 1 1
Scale_Time: 400 Scale: 1 1 1
Scale_Time: 433.333 Scale: 1 1 1
Scale_Time: 466.667 Scale: 1 1 1
Scale_Time: 500 Scale: 1 1 1
Scale_Time: 533.333 Scale: 1 1 1
Scale_Time: 566.667 Scale: 1 1 1
Scale_Time: 600 Scale: 1 1 1
Scale_Time: 633.333 Scale: 1 1 1
Scale_Time: 666.667 Scale: 1 1 1
Scale_Time: 700 Scale: 1 1 1
Rotate_Time: 0 Rotation: -0.651144 0.00800724 0.0359426 0.75806
Rotate_Time: 33.3333 Rotation: -0.641206 0.00787741 0.0351495 0.766523
Rotate_Time: 66.6667 Rotation: -0.617068 0.00758572 0.0331906 0.786173
Rotate_Time: 100 Rotation: -0.587475 0.00722852 0.0308104 0.808623
Rotate_Time: 133.333 Rotation: -0.562053 0.00692103 0.0287833 0.826571
Rotate_Time: 166.667 Rotation: -0.551228 0.00679011 0.027925 0.83386
Rotate_Time: 200 Rotation: -0.554013 0.00682383 0.0281454 0.832004
Rotate_Time: 233.333 Rotation: -0.561617 0.00691595 0.0287487 0.826869
Rotate_Time: 266.667 Rotation: -0.57289 0.00705198 0.0296456 0.819066
Rotate_Time: 300 Rotation: -0.586677 0.00721869 0.0307465 0.809205
Rotate_Time: 333.333 Rotation: -0.601844 0.00740208 0.0319631 0.79794
Rotate_Time: 366.667 Rotation: -0.617304 0.00758895 0.0332094 0.785987
Rotate_Time: 400 Rotation: -0.632027 0.00776681 0.0344022 0.774144
Rotate_Time: 433.333 Rotation: -0.645043 0.00792398 0.0354618 0.763282
Rotate_Time: 466.667 Rotation: -0.655435 0.0080495 0.0363119 0.754335
Rotate_Time: 500 Rotation: -0.662323 0.00814465 0.0368547 0.748267
Rotate_Time: 533.333 Rotation: -0.664822 0.00817358 0.0370452 0.746038
Rotate_Time: 566.667 Rotation: -0.663409 0.00815506 0.036934 0.7473
Rotate_Time: 600 Rotation: -0.660031 0.00811179 0.0366762 0.750299
Rotate_Time: 633.333 Rotation: -0.655981 0.00804863 0.0363704 0.753857
Rotate_Time: 666.667 Rotation: -0.652574 0.00799549 0.0361136 0.756822
Rotate_Time: 700 Rotation: -0.651139 0.00799823 0.0360196 0.758061
Pos_Time: 0 Pos: -0.0694 11.3225 0.0416
Pos_Time: 33.3333 Pos: -0.0694 11.3225 0.0416
Pos_Time: 66.6667 Pos: -0.0694 11.3225 0.0416
Pos_Time: 100 Pos: -0.0694 11.3225 0.0416
Pos_Time: 133.333 Pos: -0.0694 11.3225 0.0416
Pos_Time: 166.667 Pos: -0.0694 11.3225 0.0416
Pos_Time: 200 Pos: -0.0694 11.3225 0.0416
Pos_Time: 233.333 Pos: -0.0694 11.3225 0.0416
Pos_Time: 266.667 Pos: -0.0694 11.3225 0.0416
Pos_Time: 300 Pos: -0.0694 11.3225 0.0416
Pos_Time: 333.333 Pos: -0.0694 11.3225 0.0416
Pos_Time: 366.667 Pos: -0.0694 11.3225 0.0416
Pos_Time: 400 Pos: -0.0694 11.3225 0.0416
Pos_Time: 433.333 Pos: -0.0694 11.3225 0.0416
Pos_Time: 466.667 Pos: -0.0694 11.3225 0.0416
Pos_Time: 500 Pos: -0.0694 11.3225 0.0416
Pos_Time: 533.333 Pos: -0.0694 11.3225 0.0416
Pos_Time: 566.667 Pos: -0.0694 11.3225 0.0416
Pos_Time: 600 Pos: -0.0694 11.3225 0.0416
Pos_Time: 633.333 Pos: -0.0694 11.3225 0.0416
Pos_Time: 666.667 Pos: -0.0694 11.3225 0.0416
Pos_Time: 700 Pos: -0.0694 11.3225 0.0416

#9_KeyFrame
Scale_Size: 22
Rotate_Size: 22
Pos_Size: 22
Scale_Time: 0 Scale: 1 1 1
Scale_Time: 33.3333 Scale: 1 1 1
Scale_Time: 66.6667 Scale: 1 1 1
Scale_Time: 100 Scale: 1 1 1
Scale_Time: 133.333 Scale: 1 1 1
Scale_Time: 166.667 Scale: 1 1 1
Scale_Time: 200 Scale: 1 1 1
Scale_Time: 233.333 Scale: 1 1 1
Scale_Time: 266.667 Scale: 1 1 1
Scale_Time: 300 Scale: 1 1 1
Scale_Time: 333.333 Scale: 1 1 1
Scale_Time: 366.667 Scale: 1 1 1
Scale_Time: 400 Scale: 1 1 1
Scale_Time: 433.333 Scale: 1 1 1
Scale_Time: 466.667 Scale: 1 1 1
Scale_Time: 500 Scale: 1 1 1
Scale_Time: 533.333 Scale: 1 1 1
Scale_Time: 566.667 Scale: 1 1 1
Scale_Time: 600 Scale: 1 1 1
Scale_Time: 633.333 Scale: 1 1 1
Scale_Time: 666.667 Scale: 1 1 1
Scale_Time: 700 Scale: 1 1 1
Rotate_Time: 0 Rotation: -0.640563 0.00404695 0.0473226 0.766436
Rotate_Time: 33.3333 Rotation: -0.630521 0.00398067 0.0464553 0.774771
Rotate_Time: 66.6667 Rotation: -0.606143 0.0038183 0.0443552 0.794109
Rotate_Time: 100 Rotation: -0.576279 0.00361868 0.0417918 0.816176
Rotate_Time: 133.333 Rotation: -0.55064 0.00344776 0.0396001 0.833796
Rotate_Time: 166.667 Rotation: -0.539727 0.00337532 0.0386692 0.840945
Rotate_Time: 200 Rotation: -0.542535 0.00339418 0.0389085 0.839125
Rotate_Time: 233.333 Rotation: -0.550201 0.00344544 0.0395625 0.834087
Rotate_Time: 266.667 Rotation: -0.561568 0.00352142 0.0405329 0.82643
Rotate_Time: 300 Rotation: -0.575474 0.00361391 0.0417219 0.816747
Rotate_Time: 333.333 Rotation: -0.590777 0.00371636 0.0430335 0.805678
Rotate_Time: 366.667 Rotation: -0.606383 0.00382059 0.0443736 0.793924
Rotate_Time: 400 Rotation: -0.621251 0.00392008 0.0456532 0.782271
Rotate_Time: 433.333 Rotation: -0.6344 0.00400788 0.0467874 0.771578
Rotate_Time: 466.667 Rotation: -0.644902 0.00407828 0.0476949 0.762765
Rotate_Time: 500 Rotation: -0.651864 0.00412492 0.0482969 0.756785
