***************Animation_File_Header***************
#Nodes: 66
#KeyFrames: 42
#Duration: 4000
#TicksPerSecond: 30
#GlobalInverseTransform: 1 -0 0 0 -0 1 0 0 0 -0 1 0 0 -0 0 1 
#RootBoneName: mixamorig:Hips
#RootBoneIndex: 1

***********************Nodes***********************
#0_Matrix: 1 0 -0 0 0 1 -0 0 -0 -0 1 -0 0 0 -0 1 
#1_Matrix: 1 0 -0 0 0 1 -0 0 -0 -0 1 -0 0 93.4115 -0 1 
#2_Matrix: 1 0 -0 0 0 0.996489 0.0837231 0 -0 -0.0837231 0.996489 -0 0 10.9697 0.9217 1 
#3_Matrix: 1 0 -0 0 0 1 -0 0 -0 -0 1 -0 0 12.8431 -0 1 
#4_Matrix: 1 0 -0 0 0 1 -0 0 -0 -0 1 -0 0 14.6778 -0 1 
#5_Matrix: 1 0 -0 0 0 0.996489 -0.0837231 0 -0 0.0837231 0.996489 -0 0 16.5125 -0 1 
#6_Matrix: 1 0 -0 0 0 1 -0 0 -0 -0 1 -0 0 7.0611 -2.2989 1 
#7_Matrix: 1 0 -0 0 0 1 -0 0 -0 -0 1 -0 0 18.9304 -6.1633 1 
#8_Matrix: -0.0298506 -0.000695505 0.999554 0 0.950437 -0.309638 0.0281683 0 0.30948 0.950854 0.0099039 -0 6.9169 14.0571 0.2219 1 
#9_Matrix: 0.999551 0.029138 0.00692595 0 -0.0298506 0.950437 0.30948 0 0.00243495 -0.309548 0.950881 -0 0 14.5318 -0 1 
#10_Matrix: 0.999996 -3.14321e-09 -0.00291634 0 1.04774e-09 1 7.45058e-09 0 0.00291634 -7.45058e-09 0.999996 -0 0 21.0267 -0 1 
#11_Matrix: 0.992733 -0.101285 0.0649864 0 0.104255 0.993574 -0.0440611 0 -0.0601061 0.0505161 0.996913 -0 0 30.839 -0 1 
#12_Matrix: 0.824137 0.555522 0.11042 0 -0.469541 0.779132 -0.415314 0 -0.316748 0.290429 0.902952 -0 -3.8466 2.9022 -1.2821 1 
#13_Matrix: 0.997771 0.0666559 -0.00317458 0 -0.0666561 0.997776 4.43161e-05 0 0.00317047 0.0001674 0.999995 -0 -0.2103 3.9835 -0 1 
#14_Matrix: 0.999787 0.0206416 -0.000473758 0 -0.0206416 0.999787 1.63987e-05 0 0.000473996 -6.61798e-06 1 -0 0.0672 4.8128 -0 1 
#15_Matrix: 1 0 -0 0 0 1 -0 0 -0 -0 1 -0 0.1431 4.1336 -0 1 
#16_Matrix: 0.99378 0.111036 -0.00850156 0 -0.110471 0.992591 0.0505968 0 0.0140567 -0.0493429 0.998683 -0 -4.3203 10.6382 0.5629 1 
#17_Matrix: 0.999915 -0.0130099 0.000370702 0 0.0130099 0.999915 1.37091e-06 0 -0.000370689 3.45707e-06 1 -0 0.0409 4.4269 -0 1 
#18_Matrix: 0.999991 -0.00424935 -0.000300031 0 0.00424935 0.999991 -2.40281e-06 0 0.000300039 1.12876e-06 1 -0 -0.0153 4.0567 -0 1 
#19_Matrix: 1 0 -0 0 0 1 -0 0 -0 -0 1 -0 -0.0256 3.1916 -0 1 
#20_Matrix: 0.994354 0.104884 -0.0160857 0 -0.103955 0.993296 0.0505595 0 0.0212807 -0.0486018 0.998591 -0 -1.0825 10.619 0.5399 1 
#21_Matrix: 0.999984 -0.00558635 -7.03122e-06 0 0.00558635 0.999984 -2.23517e-08 0 7.03122e-06 -1.49012e-08 1 -0 0.0121 4.5069 -0 1 
#22_Matrix: 0.999995 0.00304647 4.88148e-05 0 -0.00304647 0.999995 -1.11759e-08 0 -4.88146e-05 -1.37836e-07 1 -0 -0.0126 4.3424 -0 1 
#23_Matrix: 1 0 -0 0 0 1 -0 0 -0 -0 1 -0 0.0005 3.4516 -0 1 
#24_Matrix: 0.993463 0.1037 -0.047719 0 -0.101285 0.993574 0.0505162 0 0.0526509 -0.0453527 0.997583 -0 1.6396 10.3161 0.4749 1 
#25_Matrix: 1 0 -0 0 0 1 -0 0 -0 -0 1 -0 0 4.4057 -0 1 
#26_Matrix: 1 0 -0 0 0 1 -0 0 -0 -0 1 -0 0 4.1563 -0 1 
#27_Matrix: 1 0 -0 0 0 1 -0 0 -0 -0 1 -0 0 3.334 -0 1 
#28_Matrix: 0.991506 0.0983174 -0.0851388 0 -0.0943071 0.994291 0.049918 0 0.0895606 -0.0414648 0.995118 -0 3.7632 8.7588 0.7165 1 
#29_Matrix: 0.99983 0.0184576 0.000456973 0 -0.0184576 0.99983 -5.20051e-06 0 -0.000456991 -3.21865e-06 1 -0 -0.0319 4.5312 -0 1 
#30_Matrix: 0.999876 -0.0157279 -0.00056465 0 0.0157279 0.999876 -2.44379e-06 0 0.000564619 -6.4373e-06 1 -0 0.0437 3.8269 -0 1 
#31_Matrix: 1 0 -0 0 0 1 -0 0 -0 -0 1 -0 -0.0117 2.7147 -0 1 
#32_Matrix: -0.0253065 0.000541079 -0.99968 0 -0.950437 -0.309998 0.0238922 0 -0.309885 0.950737 0.00835923 -0 -6.9169 14.0545 0.1909 1 
#33_Matrix: 0.99968 -0.024141 -0.00759602 0 0.0253065 0.950437 0.309885 0 -0.000261395 -0.309978 0.950744 -0 0 14.5318 -0 1 
#34_Matrix: 0.999995 -2.32831e-10 0.00309834 0 1.04774e-09 1 7.45058e-09 0 -0.00309834 -7.45058e-09 0.999995 -0 0 21.0299 -0 1 
#35_Matrix: 0.992695 0.109127 -0.0514499 0 -0.110803 0.993361 -0.0309195 0 0.0477342 0.0363944 0.998197 -0 0 30.8395 -0 1 
#36_Matrix: 0.830476 -0.545772 -0.111547 0 0.455011 0.780127 -0.42938 0 0.321364 0.305835 0.896209 -0 3.7667 2.8992 -1.2779 1 
#37_Matrix: 0.998969 -0.0446492 0.00814934 0 0.0446524 0.999003 -0.000214979 0 -0.00813161 0.000578642 0.999967 -0 0.2795 3.9277 -0 1 
#38_Matrix: 0.99242 -0.12288 0.00146302 0 0.12288 0.992422 0.000142094 0 -0.00146939 3.87616e-05 0.999999 -0 0.1252 4.7458 -0 1 
#39_Matrix: 1 0 -0 0 0 1 -0 0 -0 -0 1 -0 -0.4047 4.167 -0 1 
#40_Matrix: 0.993113 -0.116864 0.00836669 0 0.116487 0.992523 0.0364574 0 -0.0125647 -0.0352317 0.9993 -0 4.2468 10.7473 0.6027 1 
#41_Matrix: 0.999881 0.0154105 4.41079e-05 0 -0.0154105 0.999881 -3.57628e-07 0 -4.41079e-05 -3.27826e-07 1 -0 -0.0327 4.414 -0 1 
#42_Matrix: 0.999968 -0.00794218 -0.000296818 0 0.00794218 0.999968 2.23517e-08 0 0.000296809 -2.37674e-06 1 -0 0.0325 4.0609 -0 1 
#43_Matrix: 1 0 -0 0 0 1 -0 0 -0 -0 1 -0 0.0002 3.2942 -0 1 
#44_Matrix: 0.993115 -0.116076 0.0157777 0 0.115441 0.992644 0.0364954 0 -0.0198979 -0.0344228 0.999209 -0 1.1613 10.5711 0.3873 1 
#45_Matrix: 0.999946 0.0103595 -0.000148241 0 -0.0103595 0.999946 5.81145e-07 0 0.000148239 9.31323e-07 1 -0 -0.0279 4.3896 -0 1 
#46_Matrix: 0.999999 -0.00117322 -4.73387e-05 0 0.00117322 0.999999 1.3411e-07 0 4.73385e-05 -1.90921e-07 1 -0 0.0177 4.4207 -0 1 
#47_Matrix: 1 0 -0 0 0 1 -0 0 -0 -0 1 -0 0.0102 3.6034 -0 1 
#48_Matrix: 0.992198 -0.111073 0.0566129 0 0.109127 0.993361 0.0363944 0 -0.0602795 -0.0299324 0.997733 -0 -1.6563 10.1834 0.59 1 
#49_Matrix: 1 -0.000120421 -5.96278e-06 0 0.000120421 1 -0 0 5.96278e-06 -0 1 -0 0 4.6059 -0 1 
#50_Matrix: 1 0.000264198 -2.5639e-06 0 -0.000264198 1 1.49012e-08 0 2.5639e-06 -1.49012e-08 1 -0 -0.0005 4.1521 -0 1 
#51_Matrix: 1 0 -0 0 0 1 -0 0 -0 -0 1 -0 0.0005 3.4776 -0 1 
#52_Matrix: 0.987529 -0.10894 0.113657 0 0.105488 0.99377 0.0359758 0 -0.116868 -0.0235377 0.992869 -0 -3.7518 9.0051 0.7625 1 
#53_Matrix: 0.999792 -0.0203875 -0.00117967 0 0.0203875 0.999792 -1.97142e-05 0 0.00117983 -4.35114e-06 0.999999 -0 0.0166 4.5044 -0 1 
#54_Matrix: 0.999491 0.0318897 0.000216136 0 -0.0318897 0.999491 -3.27826e-06 0 -0.00021613 -3.60608e-06 1 -0 -0.0614 3.6755 -0 1 
#55_Matrix: 1 0 -0 0 0 1 -0 0 -0 -0 1 -0 0.0448 2.9488 -0 1 
#56_Matrix: -0.999767 -0.0215189 0.00159872 0 0.021572 -0.998504 0.0502547 0 0.000514904 0.0502775 0.998735 -0 9.2854 -6.1014 -0.0984 1 
#57_Matrix: 0.998886 -0.0471884 -0 0 0.0471327 0.997707 0.0485743 0 -0.00229214 -0.0485202 0.99882 -0 0 41.2799 -0 1 
#58_Matrix: 0.99501 0.0101249 0.0992617 0 0.082235 0.480173 -0.873311 0 -0.056505 0.877115 0.476944 -0 0 34.8206 -0 1 
#59_Matrix: 0.999288 0 0.0377233 0 0.0203718 0.841645 -0.539647 0 -0.0317496 0.540032 0.841046 -0 0 19.6235 -0 1 
#60_Matrix: 1 0 -0 0 0 1 -0 0 -0 -0 1 -0 0 7.2782 -0 1 
#61_Matrix: -0.999767 0.0214874 -0.0018867 0 -0.0215615 -0.998002 0.0593934 0 -0.000606723 0.0594202 0.998233 -0 -9.2854 -6.1014 -0.477 1 
#62_Matrix: 0.998886 0.0471919 -0 0 -0.0471887 0.998819 0.0115556 0 0.000545329 -0.0115427 0.999933 -0 0 41.3007 -0 1 
#63_Matrix: 0.994021 -0.0101379 -0.108718 0 -0.0864972 0.534552 -0.840698 0 0.0666385 0.845075 0.530479 -0 0 34.7381 -0 1 
#64_Matrix: 0.999784 0 -0.0207627 0 -0.0118167 0.822245 -0.56901 0 0.017072 0.569133 0.822068 -0 0 18.6696 -0 1 
#65_Matrix: 1 0 -0 0 0 1 -0 0 -0 -0 1 -0 0 7.2377 -0 1 

**********************Parents**********************
#0_Parents: -1
#1_Parents: 0
#2_Parents: 1
#3_Parents: 2
#4_Parents: 3
#5_Parents: 4
#6_Parents: 5
#7_Parents: 6
#8_Parents: 4
#9_Parents: 8
#10_Parents: 9
#11_Parents: 10
#12_Parents: 11
#13_Parents: 12
#14_Parents: 13
#15_Parents: 14
#16_Parents: 11
#17_Parents: 16
#18_Parents: 17
#19_Parents: 18
#20_Parents: 11
#21_Parents: 20
#22_Parents: 21
#23_Parents: 22
#24_Parents: 11
#25_Parents: 24
#26_Parents: 25
#27_Parents: 26
#28_Parents: 11
#29_Parents: 28
#30_Parents: 29
#31_Parents: 30
#32_Parents: 4
#33_Parents: 32
#34_Parents: 33
#35_Parents: 34
#36_Parents: 35
#37_Parents: 36
#38_Parents: 37
#39_Parents: 38
#40_Parents: 35
#41_Parents: 40
#42_Parents: 41
#43_Parents: 42
#44_Parents: 35
#45_Parents: 44
#46_Parents: 45
#47_Parents: 46
#48_Parents: 35
#49_Parents: 48
#50_Parents: 49
#51_Parents: 50
#52_Parents: 35
#53_Parents: 52
#54_Parents: 53
#55_Parents: 54
#56_Parents: 1
#57_Parents: 56
#58_Parents: 57
#59_Parents: 58
#60_Parents: 59
#61_Parents: 1
#62_Parents: 61
#63_Parents: 62
#64_Parents: 63
#65_Parents: 64

********************BoneIndices********************
#0_BoneIndex: -1
#1_BoneIndex: 3
#2_BoneIndex: 1
#3_BoneIndex: 2
#4_BoneIndex: 0
#5_BoneIndex: 27
#6_BoneIndex: 28
#7_BoneIndex: -1
#8_BoneIndex: 6
#9_BoneIndex: 7
#10_BoneIndex: 9
#11_BoneIndex: 18
#12_BoneIndex: 20
#13_BoneIndex: 38
#14_BoneIndex: 39
#15_BoneIndex: -1
#16_BoneIndex: 33
#17_BoneIndex: 31
#18_BoneIndex: 32
#19_BoneIndex: -1
#20_BoneIndex: 22
#21_BoneIndex: 30
#22_BoneIndex: 29
#23_BoneIndex: -1
#24_BoneIndex: 21
#25_BoneIndex: 34
#26_BoneIndex: 37
#27_BoneIndex: -1
#28_BoneIndex: 19
#29_BoneIndex: 35
#30_BoneIndex: 36
#31_BoneIndex: -1
#32_BoneIndex: 4
#33_BoneIndex: 5
#34_BoneIndex: 8
#35_BoneIndex: 23
#36_BoneIndex: 26
#37_BoneIndex: 40
#38_BoneIndex: 51
#39_BoneIndex: -1
#40_BoneIndex: 46
#41_BoneIndex: 44
#42_BoneIndex: 45
#43_BoneIndex: -1
#44_BoneIndex: 24
#45_BoneIndex: 43
#46_BoneIndex: 42
#47_BoneIndex: -1
#48_BoneIndex: 41
#49_BoneIndex: 47
#50_BoneIndex: 48
#51_BoneIndex: -1
#52_BoneIndex: 25
#53_BoneIndex: 49
#54_BoneIndex: 50
#55_BoneIndex: -1
#56_BoneIndex: 13
#57_BoneIndex: 12
#58_BoneIndex: 10
#59_BoneIndex: 11
#60_BoneIndex: -1
#61_BoneIndex: 14
#62_BoneIndex: 17
#63_BoneIndex: 15
#64_BoneIndex: 16
#65_BoneIndex: -1

******************KeyFrameIndices******************
#0_KeyFrameIndex: -1
#1_KeyFrameIndex: 1
#2_KeyFrameIndex: 39
#3_KeyFrameIndex: 40
#4_KeyFrameIndex: 41
#5_KeyFrameIndex: 20
#6_KeyFrameIndex: 0
#7_KeyFrameIndex: -1
#8_KeyFrameIndex: 17
#9_KeyFrameIndex: 2
#10_KeyFrameIndex: 4
#11_KeyFrameIndex: 5
#12_KeyFrameIndex: 14
#13_KeyFrameIndex: 15
#14_KeyFrameIndex: -1
#15_KeyFrameIndex: -1
#16_KeyFrameIndex: 6
#17_KeyFrameIndex: 7
#18_KeyFrameIndex: -1
#19_KeyFrameIndex: -1
#20_KeyFrameIndex: 8
#21_KeyFrameIndex: 9
#22_KeyFrameIndex: -1
#23_KeyFrameIndex: -1
#24_KeyFrameIndex: 12
#25_KeyFrameIndex: 13
#26_KeyFrameIndex: -1
#27_KeyFrameIndex: -1
#28_KeyFrameIndex: 10
#29_KeyFrameIndex: 11
#30_KeyFrameIndex: -1
#31_KeyFrameIndex: -1
#32_KeyFrameIndex: 36
#33_KeyFrameIndex: 21
#34_KeyFrameIndex: 23
#35_KeyFrameIndex: 24
#36_KeyFrameIndex: 33
#37_KeyFrameIndex: 34
#38_KeyFrameIndex: -1
#39_KeyFrameIndex: -1
#40_KeyFrameIndex: 25
#41_KeyFrameIndex: 26
#42_KeyFrameIndex: -1
#43_KeyFrameIndex: -1
#44_KeyFrameIndex: 27
#45_KeyFrameIndex: 28
#46_KeyFrameIndex: -1
#47_KeyFrameIndex: -1
#48_KeyFrameIndex: 31
#49_KeyFrameIndex: 32
#50_KeyFrameIndex: -1
#51_KeyFrameIndex: -1
#52_KeyFrameIndex: 29
#53_KeyFrameIndex: 30
#54_KeyFrameIndex: -1
#55_KeyFrameIndex: -1
#56_KeyFrameIndex: 19
#57_KeyFrameIndex: 16
#58_KeyFrameIndex: 3
#59_KeyFrameIndex: 18
#60_KeyFrameIndex: -1
#61_KeyFrameIndex: 38
#62_KeyFrameIndex: 35
#63_KeyFrameIndex: 22
#64_KeyFrameIndex: 37
#65_KeyFrameIndex: -1

*********************KeyFrames*********************
#0_KeyFrame
Scale_Size: 79
Rotate_Size: 79
Pos_Size: 79
Scale_Time: 0 Scale: 1 1 1
Scale_Time: 66.6667 Scale: 1 1 1
Scale_Time: 133.333 Scale: 1 1 1
Scale_Time: 200 Scale: 1 1 1
Scale_Time: 266.667 Scale: 1 1 1
Scale_Time: 333.333 Scale: 1 1 1
Scale_Time: 400 Scale: 1 1 1
Scale_Time: 566.667 Scale: 1 1 1
Scale_Time: 666.667 Scale: 1 1 1
Scale_Time: 700 Scale: 1 1 1
Scale_Time: 733.333 Scale: 1 1 1
Scale_Time: 766.667 Scale: 1 1 1
Scale_Time: 833.333 Scale: 1 1 1
Scale_Time: 866.667 Scale: 1 1 1
Scale_Time: 933.333 Scale: 1 1 1
Scale_Time: 966.667 Scale: 1 1 1
Scale_Time: 1033.33 Scale: 1 1 1
Scale_Time: 1100 Scale: 1 1 1
Scale_Time: 1133.33 Scale: 1 1 1
Scale_Time: 1166.67 Scale: 1 1 1
Scale_Time: 1233.33 Scale: 1 1 1
Scale_Time: 1266.67 Scale: 1 1 1
Scale_Time: 1300 Scale: 1 1 1
Scale_Time: 1333.33 Scale: 1 1 1
Scale_Time: 1366.67 Scale: 1 1 1
Scale_Time: 1400 Scale: 1 1 1
Scale_Time: 1466.67 Scale: 1 1 1
Scale_Time: 1533.33 Scale: 1 1 1
Scale_Time: 1633.33 Scale: 1 1 1
Scale_Time: 1666.67 Scale: 1 1 1
Scale_Time: 1700 Scale: 1 1 1
Scale_Time: 1733.33 Scale: 1 1 1
Scale_Time: 1766.67 Scale: 1 1 1
Scale_Time: 1800 Scale: 1 1 1
Scale_Time: 1833.33 Scale: 1 1 1
Scale_Time: 1900 Scale: 1 1 1
Scale_Time: 1933.33 Scale: 1 1 1
Scale_Time: 1966.67 Scale: 1 1 1
Scale_Time: 2000 Scale: 1 1 1
Scale_Time: 2033.33 Scale: 1 1 1
Scale_Time: 2066.67 Scale: 1 1 1
Scale_Time: 2100 Scale: 1 1 1
Scale_Time: 2133.33 Scale: 1 1 1
Scale_Time: 2166.67 Scale: 1 1 1
Scale_Time: 2266.67 Scale: 1 1 1
Scale_Time: 2300 Scale: 1 1 1
Scale_Time: 2333.33 Scale: 1 1 1
Scale_Time: 2366.67 Scale: 1 1 1
Scale_Time: 2400 Scale: 1 1 1
Scale_Time: 2433.33 Scale: 1 1 1
Scale_Time: 2466.67 Scale: 1 1 1
Scale_Time: 2500 Scale: 1 1 1
Scale_Time: 2533.33 Scale: 1 1 1
Scale_Time: 2566.67 Scale: 1 1 1
Scale_Time: 2600 Scale: 1 1 1
Scale_Time: 2633.33 Scale: 1 1 1
Scale_Time: 2666.67 Scale: 1 1 1
Scale_Time: 2700 Scale: 1 1 1
Scale_Time: 2733.33 Scale: 1 1 1
Scale_Time: 2800 Scale: 1 1 1
Scale_Time: 2833.33 Scale: 1 1 1
Scale_Time: 2866.67 Scale: 1 1 1
Scale_Time: 2900 Scale: 1 1 1
Scale_Time: 2966.67 Scale: 1 1 1
Scale_Time: 3033.33 Scale: 1 1 1
Scale_Time: 3066.67 Scale: 1 1 1
Scale_Time: 3100 Scale: 1 1 1
Scale_Time: 3233.33 Scale: 1 1 1
Scale_Time: 3366.67 Scale: 1 1 1
Scale_Time: 3400 Scale: 1 1 1
Scale_Time: 3433.33 Scale: 1 1 1
Scale_Time: 3466.67 Scale: 1 1 1
Scale_Time: 3500 Scale: 1 1 1
Scale_Time: 3600 Scale: 1 1 1
Scale_Time: 3633.33 Scale: 1 1 1
Scale_Time: 3666.67 Scale: 1 1 1
Scale_Time: 3733.33 Scale: 1 1 1
Scale_Time: 3800 Scale: 1 1 1
Scale_Time: 3833.33 Scale: 1 1 1
Rotate_Time: 0 Rotation: 0.0544206 -0.176965 -0.0129395 0.982626
Rotate_Time: 66.6667 Rotation: 0.052488 -0.181811 -0.0145969 0.981823
Rotate_Time: 133.333 Rotation: 0.0506285 -0.190911 -0.0190019 0.980117
Rotate_Time: 200 Rotation: 0.050336 -0.206511 -0.0248173 0.976834
Rotate_Time: 266.667 Rotation: 0.0542462 -0.24006 -0.0347578 0.968618
Rotate_Time: 333.333 Rotation: 0.0576034 -0.278775 -0.0434005 0.957644
Rotate_Time: 400 Rotation: 0.0592184 -0.316065 -0.0501717 0.945557
Rotate_Time: 566.667 Rotation: 0.0604049 -0.384995 -0.0618383 0.918861
Rotate_Time: 666.667 Rotation: 0.0607734 -0.406561 -0.0665042 0.909171
Rotate_Time: 700 Rotation: 0.0611983 -0.413429 -0.0674468 0.90597
Rotate_Time: 733.333 Rotation: 0.0598564 -0.422731 -0.0692413 0.901622
Rotate_Time: 766.667 Rotation: 0.0599898 -0.430088 -0.0698802 0.898077
Rotate_Time: 833.333 Rotation: 0.0551962 -0.444469 -0.0714492 0.891233
Rotate_Time: 866.667 Rotation: 0.0519033 -0.450221 -0.0716283 0.888525
Rotate_Time: 933.333 Rotation: 0.0438653 -0.462703 -0.0726127 0.882445
Rotate_Time: 966.667 Rotation: 0.0412292 -0.466993 -0.0698952 0.88053
Rotate_Time: 1033.33 Rotation: 0.0327154 -0.476239 -0.0684657 0.876036
Rotate_Time: 1100 Rotation: 0.0237221 -0.479694 -0.0661062 0.87462
Rotate_Time: 1133.33 Rotation: 0.0184616 -0.480823 -0.0637881 0.8743
Rotate_Time: 1166.67 Rotation: 0.0145119 -0.480479 -0.0598277 0.874843
Rotate_Time: 1233.33 Rotation: 0.00538091 -0.481879 -0.0545536 0.874521
Rotate_Time: 1266.67 Rotation: 0.00311212 -0.483249 -0.052794 0.873884
Rotate_Time: 1300 Rotation: 0.00244215 -0.481783 -0.0523824 0.87472
Rotate_Time: 1333.33 Rotation: 0.00251791 -0.467427 -0.0547715 0.88233
Rotate_Time: 1366.67 Rotation: 0.00469658 -0.424376 -0.0613921 0.90339
Rotate_Time: 1400 Rotation: 0.0141794 -0.3435 -0.0711708 0.936345
Rotate_Time: 1466.67 Rotation: 0.0511764 -0.116601 -0.0668071 0.989607
Rotate_Time: 1533.33 Rotation: 0.0714188 0.0165895 -0.0619527 0.995382
Rotate_Time: 1633.33 Rotation: 0.0892176 0.11638 -0.0572364 0.987532
Rotate_Time: 1666.67 Rotation: 0.0903807 0.139356 -0.0537224 0.984645
Rotate_Time: 1700 Rotation: 0.0891901 0.159581 -0.0490351 0.981924
Rotate_Time: 1733.33 Rotation: 0.0863827 0.180921 -0.0415471 0.978815
Rotate_Time: 1766.67 Rotation: 0.0844844 0.203693 -0.0336448 0.974802
Rotate_Time: 1800 Rotation: 0.0845425 0.228773 -0.0253338 0.969471
Rotate_Time: 1833.33 Rotation: 0.0865159 0.256403 -0.0157828 0.962561
Rotate_Time: 1900 Rotation: 0.0875655 0.315733 0.0105308 0.94474
Rotate_Time: 1933.33 Rotation: 0.0874005 0.33716 0.0236042 0.937085
Rotate_Time: 1966.67 Rotation: 0.0861088 0.351994 0.0365806 0.931315
Rotate_Time: 2000 Rotation: 0.0854641 0.361486 0.0483851 0.927191
Rotate_Time: 2033.33 Rotation: 0.0836453 0.369049 0.0585857 0.923783
Rotate_Time: 2066.67 Rotation: 0.0807868 0.375565 0.0679026 0.920768
Rotate_Time: 2100 Rotation: 0.0773401 0.38158 0.0758638 0.917965
Rotate_Time: 2133.33 Rotation: 0.0727973 0.388158 0.0830571 0.914951
Rotate_Time: 2166.67 Rotation: 0.0694943 0.39399 0.0870959 0.912336
Rotate_Time: 2266.67 Rotation: 0.060647 0.401928 0.0906619 0.909151
Rotate_Time: 2300 Rotation: 0.0579861 0.402914 0.090321 0.908922
Rotate_Time: 2333.33 Rotation: 0.0554077 0.405011 0.0891843 0.908263
Rotate_Time: 2366.67 Rotation: 0.0534673 0.407718 0.0878007 0.907303
Rotate_Time: 2400 Rotation: 0.0508867 0.410173 0.0863236 0.906486
Rotate_Time: 2433.33 Rotation: 0.0482216 0.41303 0.0851297 0.905447
Rotate_Time: 2466.67 Rotation: 0.0462941 0.415639 0.0835689 0.904498
Rotate_Time: 2500 Rotation: 0.045023 0.417235 0.0821436 0.903958
Rotate_Time: 2533.33 Rotation: 0.0440617 0.417618 0.0812456 0.90391
Rotate_Time: 2566.67 Rotation: 0.0433004 0.417933 0.0803079 0.903885
Rotate_Time: 2600 Rotation: 0.042903 0.417954 0.0790017 0.904009
Rotate_Time: 2633.33 Rotation: 0.0434879 0.414401 0.076509 0.90583
Rotate_Time: 2666.67 Rotation: 0.0442088 0.400412 0.0720922 0.912425
Rotate_Time: 2700 Rotation: 0.0484785 0.371144 0.0646781 0.925051
Rotate_Time: 2733.33 Rotation: 0.0548908 0.331772 0.0570948 0.940029
Rotate_Time: 2800 Rotation: 0.0688449 0.251618 0.0398489 0.964552
Rotate_Time: 2833.33 Rotation: 0.0734961 0.221029 0.0352816 0.971854
Rotate_Time: 2866.67 Rotation: 0.0757729 0.193212 0.034811 0.977607
Rotate_Time: 2900 Rotation: 0.0772965 0.16232 0.035983 0.983048
Rotate_Time: 2966.67 Rotation: 0.0737304 0.0812469 0.0335312 0.993397
Rotate_Time: 3033.33 Rotation: 0.0651587 -0.0104766 0.0259423 0.997483
Rotate_Time: 3066.67 Rotation: 0.0601302 -0.0508259 0.0203798 0.996687
Rotate_Time: 3100 Rotation: 0.0532197 -0.084243 0.0160022 0.994894
Rotate_Time: 3233.33 Rotation: 0.0392165 -0.169534 -0.00137187 0.984743
Rotate_Time: 3366.67 Rotation: 0.042361 -0.1922 -0.0056433 0.980425
Rotate_Time: 3400 Rotation: 0.0441372 -0.19327 -0.00504047 0.980139
Rotate_Time: 3433.33 Rotation: 0.0476976 -0.192435 -0.00279346 0.980146
Rotate_Time: 3466.67 Rotation: 0.0494238 -0.191395 -0.00020092 0.980268
Rotate_Time: 3500 Rotation: 0.0493826 -0.190087 0.00232061 0.980522
Rotate_Time: 3600 Rotation: 0.0485374 -0.188741 -0.00129954 0.980826
Rotate_Time: 3633.33 Rotation: 0.0475421 -0.188454 -0.00341664 0.980925
Rotate_Time: 3666.67 Rotation: 0.0472106 -0.188217 -0.00513277 0.980979
Rotate_Time: 3733.33 Rotation: 0.0484155 -0.186302 -0.0066556 0.981276
Rotate_Time: 3800 Rotation: 0.0508884 -0.18308 -0.0062783 0.98176
Rotate_Time: 3833.33 Rotation: 0.0519796 -0.181738 -0.00698224 0.981947
Pos_Time: 0 Pos: 0 7.0611 -2.2989
Pos_Time: 66.6667 Pos: 0 7.0611 -2.2989
Pos_Time: 133.333 Pos: 0 7.0611 -2.2989
Pos_Time: 200 Pos: 0 7.0611 -2.2989
Pos_Time: 266.667 Pos: 0 7.0611 -2.2989
Pos_Time: 333.333 Pos: 0 7.0611 -2.2989
Pos_Time: 400 Pos: 0 7.0611 -2.2989
Pos_Time: 566.667 Pos: 0 7.0611 -2.2989
Pos_Time: 666.667 Pos: 0 7.0611 -2.2989
Pos_Time: 700 Pos: 0 7.0611 -2.2989
Pos_Time: 733.333 Pos: 0 7.0611 -2.2989
Pos_Time: 766.667 Pos: 0 7.0611 -2.2989
Pos_Time: 833.333 Pos: 0 7.0611 -2.2989
Pos_Time: 866.667 Pos: 0 7.0611 -2.2989
Pos_Time: 933.333 Pos: 0 7.0611 -2.2989
Pos_Time: 966.667 Pos: 0 7.0611 -2.2989
Pos_Time: 1033.33 Pos: 0 7.0611 -2.2989
Pos_Time: 1100 Pos: 0 7.0611 -2.2989
Pos_Time: 1133.33 Pos: 0 7.0611 -2.2989
Pos_Time: 1166.67 Pos: 0 7.0611 -2.2989
Pos_Time: 1233.33 Pos: 0 7.0611 -2.2989
Pos_Time: 1266.67 Pos: 0 7.0611 -2.2989
Pos_Time: 1300 Pos: 0 7.0611 -2.2989
Pos_Time: 1333.33 Pos: 0 7.0611 -2.2989
Pos_Time: 1366.67 Pos: 0 7.0611 -2.2989
Pos_Time: 1400 Pos: 0 7.0611 -2.2989
Pos_Time: 1466.67 Pos: 0 7.0611 -2.2989
Pos_Time: 1533.33 Pos: 0 7.0611 -2.2989
Pos_Time: 1633.33 Pos: 0 7.0611 -2.2989
Pos_Time: 1666.67 Pos: 0 7.0611 -2.2989
Pos_Time: 1700 Pos: 0 7.0611 -2.2989
Pos_Time: 1733.33 Pos: 0 7.0611 -2.2989
Pos_Time: 1766.67 Pos: 0 7.0611 -2.2989
Pos_Time: 1800 Pos: 0 7.0611 -2.2989
Pos_Time: 1833.33 Pos: 0 7.0611 -2.2989
Pos_Time: 1900 Pos: 0 7.0611 -2.2989
Pos_Time: 1933.33 Pos: 0 7.0611 -2.2989
Pos_Time: 1966.67 Pos: 0 7.0611 -2.2989
Pos_Time: 2000 Pos: 0 7.0611 -2.2989
Pos_Time: 2033.33 Pos: 0 7.0611 -2.2989
Pos_Time: 2066.67 Pos: 0 7.0611 -2.2989
Pos_Time: 2100 Pos: 0 7.0611 -2.2989
Pos_Time: 2133.33 Pos: 0 7.0611 -2.2989
Pos_Time: 2166.67 Pos: 0 7.0611 -2.2989
Pos_Time: 2266.67 Pos: 0 7.0611 -2.2989
Pos_Time: 2300 Pos: 0 7.0611 -2.2989
Pos_Time: 2333.33 Pos: 0 7.0611 -2.2989
Pos_Time: 2366.67 Pos: 0 7.0611 -2.2989
Pos_Time: 2400 Pos: 0 7.0611 -2.2989
Pos_Time: 2433.33 Pos: 0 7.0611 -2.2989
Pos_Time: 2466.67 Pos: 0 7.0611 -2.2989
Pos_Time: 2500 Pos: 0 7.0611 -2.2989
Pos_Time: 2533.33 Pos: 0 7.0611 -2.2989
Pos_Time: 2566.67 Pos: 0 7.0611 -2.2989
Pos_Time: 2600 Pos: 0 7.0611 -2.2989
Pos_Time: 2633.33 Pos: 0 7.0611 -2.2989
Pos_Time: 2666.67 Pos: 0 7.0611 -2.2989
Pos_Time: 2700 Pos: 0 7.0611 -2.2989
Pos_Time: 2733.33 Pos: 0 7.0611 -2.2989
Pos_Time: 2800 Pos: 0 7.0611 -2.2989
Pos_Time: 2833.33 Pos: 0 7.0611 -2.2989
Pos_Time: 2866.67 Pos: 0 7.0611 -2.2989
Pos_Time: 2900 Pos: 0 7.0611 -2.2989
Pos_Time: 2966.67 Pos: 0 7.0611 -2.2989
Pos_Time: 3033.33 Pos: 0 7.0611 -2.2989
Pos_Time: 3066.67 Pos: 0 7.0611 -2.2989
Pos_Time: 3100 Pos: 0 7.0611 -2.2989
Pos_Time: 3233.33 Pos: 0 7.0611 -2.2989
Pos_Time: 3366.67 Pos: 0 7.0611 -2.2989
Pos_Time: 3400 Pos: 0 7.0611 -2.2989
Pos_Time: 3433.33 Pos: 0 7.0611 -2.2989
Pos_Time: 3466.67 Pos: 0 7.0611 -2.2989
Pos_Time: 3500 Pos: 0 7.0611 -2.2989
Pos_Time: 3600 Pos: 0 7.0611 -2.2989
Pos_Time: 3633.33 Pos: 0 7.0611 -2.2989
Pos_Time: 3666.67 Pos: 0 7.0611 -2.2989
Pos_Time: 3733.33 Pos: 0 7.0611 -2.2989
Pos_Time: 3800 Pos: 0 7.0611 -2.2989
Pos_Time: 3833.33 Pos: 0 7.0611 -2.2989

#1_KeyFrame
Scale_Size: 79
Rotate_Size: 79
Pos_Size: 79
Scale_Time: 0 Scale: 1 1 1
Scale_Time: 66.6667 Scale: 1 1 1
Scale_Time: 133.333 Scale: 1 1 1
Scale_Time: 200 Scale: 1 1 1
Scale_Time: 266.667 Scale: 1 1 1
Scale_Time: 333.333 Scale: 1 1 1
Scale_Time: 400 Scale: 1 1 1
Scale_Time: 566.667 Scale: 1 1 1
Scale_Time: 666.667 Scale: 1 1 1
Scale_Time: 700 Scale: 1 1 1
Scale_Time: 733.333 Scale: 1 1 1
Scale_Time: 766.667 Scale: 1 1 1
Scale_Time: 833.333 Scale: 1 1 1
Scale_Time: 866.667 Scale: 1 1 1
Scale_Time: 933.333 Scale: 1 1 1
Scale_Time: 966.667 Scale: 1 1 1
Scale_Time: 1033.33 Scale: 1 1 1
Scale_Time: 1100 Scale: 1 1 1
Scale_Time: 1133.33 Scale: 1 1 1
Scale_Time: 1166.67 Scale: 1 1 1
Scale_Time: 1233.33 Scale: 1 1 1
Scale_Time: 1266.67 Scale: 1 1 1
Scale_Time: 1300 Scale: 1 1 1
Scale_Time: 1333.33 Scale: 1 1 1
Scale_Time: 1366.67 Scale: 1 1 1
Scale_Time: 1400 Scale: 1 1 1
Scale_Time: 1466.67 Scale: 1 1 1
Scale_Time: 1533.33 Scale: 1 1 1
Scale_Time: 1633.33 Scale: 1 1 1
Scale_Time: 1666.67 Scale: 1 1 1
Scale_Time: 1700 Scale: 1 1 1
Scale_Time: 1733.33 Scale: 1 1 1
Scale_Time: 1766.67 Scale: 1 1 1
Scale_Time: 1800 Scale: 1 1 1
Scale_Time: 1833.33 Scale: 1 1 1
Scale_Time: 1900 Scale: 1 1 1
Scale_Time: 1933.33 Scale: 1 1 1
Scale_Time: 1966.67 Scale: 1 1 1
Scale_Time: 2000 Scale: 1 1 1
Scale_Time: 2033.33 Scale: 1 1 1
Scale_Time: 2066.67 Scale: 1 1 1
Scale_Time: 2100 Scale: 1 1 1
Scale_Time: 2133.33 Scale: 1 1 1
Scale_Time: 2166.67 Scale: 1 1 1
Scale_Time: 2266.67 Scale: 1 1 1
Scale_Time: 2300 Scale: 1 1 1
Scale_Time: 2333.33 Scale: 1 1 1
Scale_Time: 2366.67 Scale: 1 1 1
Scale_Time: 2400 Scale: 1 1 1
Scale_Time: 2433.33 Scale: 1 1 1
Scale_Time: 2466.67 Scale: 1 1 1
Scale_Time: 2500 Scale: 1 1 1
Scale_Time: 2533.33 Scale: 1 1 1
Scale_Time: 2566.67 Scale: 1 1 1
Scale_Time: 2600 Scale: 1 1 1
Scale_Time: 2633.33 Scale: 1 1 1
Scale_Time: 2666.67 Scale: 1 1 1
Scale_Time: 2700 Scale: 1 1 1
Scale_Time: 2733.33 Scale: 1 1 1
Scale_Time: 2800 Scale: 1 1 1
Scale_Time: 2833.33 Scale: 1 1 1
Scale_Time: 2866.67 Scale: 1 1 1
Scale_Time: 2900 Scale: 1 1 1
Scale_Time: 2966.67 Scale: 1 1 1
Scale_Time: 3033.33 Scale: 1 1 1
Scale_Time: 3066.67 Scale: 1 1 1
Scale_Time: 3100 Scale: 1 1 1
Scale_Time: 3233.33 Scale: 1 1 1
Scale_Time: 3366.67 Scale: 1 1 1
Scale_Time: 3400 Scale: 1 1 1
Scale_Time: 3433.33 Scale: 1 1 1
Scale_Time: 3466.67 Scale: 1 1 1
Scale_Time: 3500 Scale: 1 1 1
Scale_Time: 3600 Scale: 1 1 1
Scale_Time: 3633.33 Scale: 1 1 1
Scale_Time: 3666.67 Scale: 1 1 1
Scale_Time: 3733.33 Scale: 1 1 1
Scale_Time: 3800 Scale: 1 1 1
Scale_Time: 3833.33 Scale: 1 1 1
Rotate_Time: 0 Rotation: 0.0361066 0.367017 -0.0142641 0.929404
Rotate_Time: 66.6667 Rotation: 0.0352252 0.369243 -0.0133971 0.928568
Rotate_Time: 133.333 Rotation: 0.034219 0.370057 -0.0129102 0.928289
Rotate_Time: 200 Rotation: 0.0330533 0.370061 -0.0121579 0.92834
Rotate_Time: 266.667 Rotation: 0.0314359 0.369809 -0.0108233 0.928513
Rotate_Time: 333.333 Rotation: 0.0299622 0.369761 -0.00889471 0.928601
Rotate_Time: 400 Rotation: 0.0281039 0.367695 -0.00833815 0.929484
Rotate_Time: 566.667 Rotation: 0.026661 0.337799 -0.0103373 0.940784
Rotate_Time: 666.667 Rotation: 0.0264996 0.294071 -0.0102592 0.955361
Rotate_Time: 700 Rotation: 0.0262137 0.27685 -0.00931484 0.96051
Rotate_Time: 733.333 Rotation: 0.0255169 0.258771 -0.00834495 0.965565
Rotate_Time: 766.667 Rotation: 0.0251361 0.237886 -0.00724455 0.970941
Rotate_Time: 833.333 Rotation: 0.0240446 0.187746 -0.00393284 0.981915
Rotate_Time: 866.667 Rotation: 0.0240382 0.158717 -0.00170599 0.98703
Rotate_Time: 933.333 Rotation: 0.0239718 0.0908341 0.0046408 0.995567
Rotate_Time: 966.667 Rotation: 0.0244475 0.0526446 0.00755306 0.998285
Rotate_Time: 1033.33 Rotation: 0.0244948 -0.0197749 0.0122837 0.999429
Rotate_Time: 1100 Rotation: 0.0253386 -0.0796291 0.0154547 0.996383
Rotate_Time: 1133.33 Rotation: 0.0257246 -0.0968131 0.0164167 0.994835
Rotate_Time: 1166.67 Rotation: 0.0261961 -0.104684 0.0168274 0.994018
Rotate_Time: 1233.33 Rotation: 0.0271555 -0.101568 0.0156758 0.994334
Rotate_Time: 1266.67 Rotation: 0.0280364 -0.0955319 0.0150693 0.994917
Rotate_Time: 1300 Rotation: 0.0290831 -0.0873596 0.0144857 0.995647
Rotate_Time: 1333.33 Rotation: 0.0305532 -0.0772515 0.0138108 0.996448
Rotate_Time: 1366.67 Rotation: 0.0329713 -0.0660684 0.0127488 0.997189
Rotate_Time: 1400 Rotation: 0.0359761 -0.0538618 0.0114823 0.997834
Rotate_Time: 1466.67 Rotation: 0.0424697 -0.0259161 0.00835787 0.998727
Rotate_Time: 1533.33 Rotation: 0.0449852 0.0113875 0.00485444 0.998911
Rotate_Time: 1633.33 Rotation: 0.0441242 0.0804138 0.00111067 0.995784
Rotate_Time: 1666.67 Rotation: 0.0434081 0.103927 0.000605708 0.993637
Rotate_Time: 1700 Rotation: 0.0421106 0.126843 0.000310915 0.991028
Rotate_Time: 1733.33 Rotation: 0.0412604 0.147748 0.000361808 0.988164
Rotate_Time: 1766.67 Rotation: 0.0409433 0.168165 0.000465163 0.984908
Rotate_Time: 1800 Rotation: 0.0410822 0.189895 0.000150074 0.980944
Rotate_Time: 1833.33 Rotation: 0.0411696 0.213784 -0.00033635 0.976013
Rotate_Time: 1900 Rotation: 0.0406659 0.268437 -0.0024841 0.962435
Rotate_Time: 1933.33 Rotation: 0.0398703 0.298855 -0.00324436 0.95346
Rotate_Time: 1966.67 Rotation: 0.0389613 0.329913 -0.00365492 0.9432
Rotate_Time: 2000 Rotation: 0.0376477 0.361973 -0.00378745 0.931421
Rotate_Time: 2033.33 Rotation: 0.0369932 0.393017 -0.00360097 0.91878
Rotate_Time: 2066.67 Rotation: 0.0364575 0.423532 -0.00305271 0.905142
Rotate_Time: 2100 Rotation: 0.0362247 0.453064 -0.00176258 0.89074
Rotate_Time: 2133.33 Rotation: 0.0370183 0.480523 -0.00108418 0.8762
Rotate_Time: 2166.67 Rotation: 0.0376899 0.507712 0.00011089 0.860702
Rotate_Time: 2266.67 Rotation: 0.0400299 0.578926 0.00167387 0.814395
Rotate_Time: 2300 Rotation: 0.0409211 0.597721 0.00206945 0.800657
Rotate_Time: 2333.33 Rotation: 0.0419862 0.61277 0.00242917 0.789142
Rotate_Time: 2366.67 Rotation: 0.0431148 0.62476 0.00317782 0.779619
Rotate_Time: 2400 Rotation: 0.0439508 0.634136 0.00427279 0.771959
Rotate_Time: 2433.33 Rotation: 0.0444623 0.640931 0.00519183 0.766292
Rotate_Time: 2466.67 Rotation: 0.0452918 0.645632 0.00560051 0.762284
Rotate_Time: 2500 Rotation: 0.0462877 0.648705 0.0059666 0.759607
Rotate_Time: 2533.33 Rotation: 0.0471129 0.650338 0.0062516 0.758157
Rotate_Time: 2566.67 Rotation: 0.0479243 0.650522 0.00613132 0.757949
Rotate_Time: 2600 Rotation: 0.0488891 0.648735 0.00532551 0.759423
Rotate_Time: 2633.33 Rotation: 0.0499431 0.645008 0.00412077 0.762531
Rotate_Time: 2666.67 Rotation: 0.0512238 0.639622 0.00289955 0.766976
Rotate_Time: 2700 Rotation: 0.0527281 0.632614 0.00134408 0.772669
Rotate_Time: 2733.33 Rotation: 0.0540784 0.623649 -0.000340825 0.779832
Rotate_Time: 2800 Rotation: 0.0547476 0.597497 -0.00517083 0.799983
Rotate_Time: 2833.33 Rotation: 0.0546091 0.580784 -0.00726391 0.812191
Rotate_Time: 2866.67 Rotation: 0.0543632 0.562958 -0.00834485 0.824654
Rotate_Time: 2900 Rotation: 0.0542927 0.545183 -0.00874852 0.836511
Rotate_Time: 2966.67 Rotation: 0.0534454 0.513296 -0.00747619 0.856513
Rotate_Time: 3033.33 Rotation: 0.0521867 0.480751 -0.00548968 0.875286
Rotate_Time: 3066.67 Rotation: 0.0514891 0.462267 -0.00487008 0.885231
Rotate_Time: 3100 Rotation: 0.0508219 0.443137 -0.00387211 0.895004
Rotate_Time: 3233.33 Rotation: 0.0430504 0.386286 -0.002428 0.921371
Rotate_Time: 3366.67 Rotation: 0.0366259 0.356199 -0.003712 0.933685
Rotate_Time: 3400 Rotation: 0.0360531 0.350753 -0.00488963 0.935761
Rotate_Time: 3433.33 Rotation: 0.0359064 0.346791 -0.00622196 0.937234
Rotate_Time: 3466.67 Rotation: 0.0363326 0.344334 -0.00757613 0.938113
Rotate_Time: 3500 Rotation: 0.0367281 0.343315 -0.00883217 0.93846
Rotate_Time: 3600 Rotation: 0.0382666 0.345972 -0.0110879 0.937398
Rotate_Time: 3633.33 Rotation: 0.0382963 0.348156 -0.0113362 0.936586
Rotate_Time: 3666.67 Rotation: 0.0382577 0.350881 -0.0114661 0.935568
Rotate_Time: 3733.33 Rotation: 0.0375773 0.355398 -0.0118198 0.933884
Rotate_Time: 3800 Rotation: 0.0370623 0.359202 -0.0124002 0.932441
Rotate_Time: 3833.33 Rotation: 0.0368389 0.360929 -0.0127356 0.931778
Pos_Time: 0 Pos: 0.322846 87.0426 0.396322
Pos_Time: 66.6667 Pos: 0.336627 87.0525 0.385228
Pos_Time: 133.333 Pos: 0.34729 87.0369 0.376621
Pos_Time: 200 Pos: 0.348798 87.0342 0.374341
Pos_Time: 266.667 Pos: 0.356069 87.0505 0.364047
Pos_Time: 333.333 Pos: 0.341288 87.0771 0.326402
Pos_Time: 400 Pos: 0.312352 87.0828 0.291476
Pos_Time: 566.667 Pos: 0.139061 86.8389 0.252179
Pos_Time: 666.667 Pos: -0.158183 86.6904 0.190815
Pos_Time: 700 Pos: -0.218126 86.6193 0.139633
Pos_Time: 733.333 Pos: -0.261333 86.5346 0.0713321
Pos_Time: 766.667 Pos: -0.293869 86.4354 0.00749922
Pos_Time: 833.333 Pos: -0.320284 86.1792 -0.187337
Pos_Time: 866.667 Pos: -0.327376 86.0268 -0.311489
Pos_Time: 933.333 Pos: -0.365669 85.6515 -0.601581
Pos_Time: 966.667 Pos: -0.391051 85.4362 -0.738493
Pos_Time: 1033.33 Pos: -0.462512 85.0507 -0.901834
Pos_Time: 1100 Pos: -0.551349 84.7321 -0.964622
Pos_Time: 1133.33 Pos: -0.574984 84.6545 -0.967874
Pos_Time: 1166.67 Pos: -0.60884 84.6226 -0.951163
Pos_Time: 1233.33 Pos: -0.764105 84.6371 -0.873932
Pos_Time: 1266.67 Pos: -0.876847 84.6792 -0.827019
Pos_Time: 1300 Pos: -0.989276 84.7253 -0.775872
Pos_Time: 1333.33 Pos: -1.08033 84.7485 -0.729795
Pos_Time: 1366.67 Pos: -1.17917 84.7487 -0.686331
Pos_Time: 1400 Pos: -1.2708 84.7627 -0.627742
Pos_Time: 1466.67 Pos: -1.41446 84.871 -0.404257
Pos_Time: 1533.33 Pos: -1.42416 85.032 -0.118683
Pos_Time: 1633.33 Pos: -1.17948 85.3427 0.218307
Pos_Time: 1666.67 Pos: -1.08072 85.4576 0.298963
Pos_Time: 1700 Pos: -1.01852 85.5642 0.380521
Pos_Time: 1733.33 Pos: -0.986347 85.6768 0.451929
Pos_Time: 1766.67 Pos: -0.940167 85.7805 0.494655
Pos_Time: 1800 Pos: -0.874859 85.8854 0.512323
Pos_Time: 1833.33 Pos: -0.813058 86.0129 0.517964
Pos_Time: 1900 Pos: -0.774072 86.2894 0.496686
Pos_Time: 1933.33 Pos: -0.74902 86.4358 0.491888
Pos_Time: 1966.67 Pos: -0.730374 86.5824 0.479014
Pos_Time: 2000 Pos: -0.721456 86.7528 0.457862
Pos_Time: 2033.33 Pos: -0.731076 86.9217 0.424832
Pos_Time: 2066.67 Pos: -0.743933 87.0742 0.391049
Pos_Time: 2100 Pos: -0.752311 87.2098 0.326403
Pos_Time: 2133.33 Pos: -0.789331 87.3328 0.256131
Pos_Time: 2166.67 Pos: -0.815434 87.4509 0.167012
Pos_Time: 2266.67 Pos: -0.896311 87.7613 -0.217411
Pos_Time: 2300 Pos: -0.901584 87.8324 -0.381623
Pos_Time: 2333.33 Pos: -0.902213 87.8804 -0.538126
Pos_Time: 2366.67 Pos: -0.896389 87.93 -0.678083
Pos_Time: 2400 Pos: -0.884933 87.979 -0.821527
Pos_Time: 2433.33 Pos: -0.867876 88.0161 -0.95019
Pos_Time: 2466.67 Pos: -0.859257 88.0343 -1.07009
Pos_Time: 2500 Pos: -0.860007 88.0411 -1.17157
Pos_Time: 2533.33 Pos: -0.864402 88.0339 -1.25721
Pos_Time: 2566.67 Pos: -0.88554 88.0181 -1.32489
Pos_Time: 2600 Pos: -0.926982 87.9978 -1.37555
Pos_Time: 2633.33 Pos: -0.990304 87.9825 -1.40647
Pos_Time: 2666.67 Pos: -1.0707 87.9739 -1.42862
Pos_Time: 2700 Pos: -1.16705 87.966 -1.43653
Pos_Time: 2733.33 Pos: -1.27561 87.9591 -1.42645
Pos_Time: 2800 Pos: -1.49614 87.9206 -1.3056
Pos_Time: 2833.33 Pos: -1.59078 87.8969 -1.17888
Pos_Time: 2866.67 Pos: -1.66193 87.8648 -1.02464
Pos_Time: 2900 Pos: -1.71741 87.8412 -0.861463
Pos_Time: 2966.67 Pos: -1.74353 87.8118 -0.57348
Pos_Time: 3033.33 Pos: -1.71041 87.7194 -0.323261
Pos_Time: 3066.67 Pos: -1.70031 87.6501 -0.224465
Pos_Time: 3100 Pos: -1.68383 87.6036 -0.12704
Pos_Time: 3233.33 Pos: -1.46052 87.4482 0.0280447
Pos_Time: 3366.67 Pos: -1.15741 87.2626 0.115265
Pos_Time: 3400 Pos: -1.07537 87.224 0.162985
Pos_Time: 3433.33 Pos: -0.984297 87.1975 0.202442
Pos_Time: 3466.67 Pos: -0.885867 87.1743 0.232928
Pos_Time: 3500 Pos: -0.785114 87.1573 0.252217
Pos_Time: 3600 Pos: -0.490559 87.1269 0.247896
Pos_Time: 3633.33 Pos: -0.400043 87.1174 0.245549
Pos_Time: 3666.67 Pos: -0.312059 87.1081 0.252068
Pos_Time: 3733.33 Pos: -0.146334 87.0908 0.264846
Pos_Time: 3800 Pos: 0.00613466 87.0742 0.270951
Pos_Time: 3833.33 Pos: 0.0755835 87.0667 0.28781

#2_KeyFrame
Scale_Size: 79
Rotate_Size: 79
Pos_Size: 79
Scale_Time: 0 Scale: 1 1 1
Scale_Time: 66.6667 Scale: 1 1 1
Scale_Time: 133.333 Scale: 1 1 1
Scale_Time: 200 Scale: 1 1 1
Scale_Time: 266.667 Scale: 1 1 1
Scale_Time: 333.333 Scale: 1 1 1
Scale_Time: 400 Scale: 1 1 1
Scale_Time: 566.667 Scale: 1 1 1
Scale_Time: 666.667 Scale: 1 1 1
Scale_Time: 700 Scale: 1 1 1
Scale_Time: 733.333 Scale: 1 1 1
Scale_Time: 766.667 Scale: 1 1 1
Scale_Time: 833.333 Scale: 1 1 1
Scale_Time: 866.667 Scale: 1 1 1
Scale_Time: 933.333 Scale: 1 1 1
Scale_Time: 966.667 Scale: 1 1 1
Scale_Time: 1033.33 Scale: 1 1 1
Scale_Time: 1100 Scale: 1 1 1
Scale_Time: 1133.33 Scale: 1 1 1
Scale_Time: 1166.67 Scale: 1 1 1
Scale_Time: 1233.33 Scale: 1 1 1
Scale_Time: 1266.67 Scale: 1 1 1
Scale_Time: 1300 Scale: 1 1 1
Scale_Time: 1333.33 Scale: 1 1 1
Scale_Time: 1366.67 Scale: 1 1 1
Scale_Time: 1400 Scale: 1 1 1
Scale_Time: 1466.67 Scale: 1 1 1
Scale_Time: 1533.33 Scale: 1 1 1
Scale_Time: 1633.33 Scale: 1 1 1
Scale_Time: 1666.67 Scale: 1 1 1
Scale_Time: 1700 Scale: 1 1 1
Scale_Time: 1733.33 Scale: 1 1 1
Scale_Time: 1766.67 Scale: 1 1 1
Scale_Time: 1800 Scale: 1 1 1
Scale_Time: 1833.33 Scale: 1 1 1
Scale_Time: 1900 Scale: 1 1 1
Scale_Time: 1933.33 Scale: 1 1 1
Scale_Time: 1966.67 Scale: 1 1 1
Scale_Time: 2000 Scale: 1 1 1
Scale_Time: 2033.33 Scale: 1 1 1
Scale_Time: 2066.67 Scale: 1 1 1
Scale_Time: 2100 Scale: 1 1 1
Scale_Time: 2133.33 Scale: 1 1 1
Scale_Time: 2166.67 Scale: 1 1 1
Scale_Time: 2266.67 Scale: 1 1 1
Scale_Time: 2300 Scale: 1 1 1
Scale_Time: 2333.33 Scale: 1 1 1
Scale_Time: 2366.67 Scale: 1 1 1
Scale_Time: 2400 Scale: 1 1 1
Scale_Time: 2433.33 Scale: 1 1 1
Scale_Time: 2466.67 Scale: 1 1 1
Scale_Time: 2500 Scale: 1 1 1
Scale_Time: 2533.33 Scale: 1 1 1
Scale_Time: 2566.67 Scale: 1 1 1
Scale_Time: 2600 Scale: 1 1 1
Scale_Time: 2633.33 Scale: 1 1 1
Scale_Time: 2666.67 Scale: 1 1 1
Scale_Time: 2700 Scale: 1 1 1
Scale_Time: 2733.33 Scale: 1 1 1
Scale_Time: 2800 Scale: 1 1 1
Scale_Time: 2833.33 Scale: 1 1 1
Scale_Time: 2866.67 Scale: 1 1 1
Scale_Time: 2900 Scale: 1 1 1
Scale_Time: 2966.67 Scale: 1 1 1
Scale_Time: 3033.33 Scale: 1 1 1
Scale_Time: 3066.67 Scale: 1 1 1
Scale_Time: 3100 Scale: 1 1 1
Scale_Time: 3233.33 Scale: 1 1 1
Scale_Time: 3366.67 Scale: 1 1 1
Scale_Time: 3400 Scale: 1 1 1
Scale_Time: 3433.33 Scale: 1 1 1
Scale_Time: 3466.67 Scale: 1 1 1
Scale_Time: 3500 Scale: 1 1 1
Scale_Time: 3600 Scale: 1 1 1
Scale_Time: 3633.33 Scale: 1 1 1
Scale_Time: 3666.67 Scale: 1 1 1
Scale_Time: 3733.33 Scale: 1 1 1
Scale_Time: 3800 Scale: 1 1 1
Scale_Time: 3833.33 Scale: 1 1 1
Rotate_Time: 0 Rotation: -0.387796 0.10598 0.0321183 0.915069
Rotate_Time: 66.6667 Rotation: -0.387152 0.105714 0.031572 0.915391
Rotate_Time: 133.333 Rotation: -0.387439 0.105494 0.0310657 0.915312
Rotate_Time: 200 Rotation: -0.387875 0.105289 0.0302198 0.91518
Rotate_Time: 266.667 Rotation: -0.38951 0.105057 0.0288247 0.914557
Rotate_Time: 333.333 Rotation: -0.389915 0.104419 0.0288644 0.914456
Rotate_Time: 400 Rotation: -0.38839 0.1033 0.0314654 0.915146
Rotate_Time: 566.667 Rotation: -0.392301 0.097837 0.0527778 0.913095
Rotate_Time: 666.667 Rotation: -0.403446 0.0923821 0.0696794 0.907657
Rotate_Time: 700 Rotation: -0.408906 0.0910206 0.0738954 0.905014
Rotate_Time: 733.333 Rotation: -0.416532 0.0893538 0.0785148 0.901306
Rotate_Time: 766.667 Rotation: -0.419949 0.0889943 0.0821064 0.899434
Rotate_Time: 833.333 Rotation: -0.425599 0.0878127 0.088547 0.896278
Rotate_Time: 866.667 Rotation: -0.425332 0.0852186 0.090745 0.896435
Rotate_Time: 933.333 Rotation: -0.425841 0.076319 0.0958132 0.896468
Rotate_Time: 966.667 Rotation: -0.423673 0.0720953 0.097772 0.897632
Rotate_Time: 1033.33 Rotation: -0.431394 0.068782 0.102165 0.893717
Rotate_Time: 1100 Rotation: -0.436838 0.0687902 0.10579 0.890646
Rotate_Time: 1133.33 Rotation: -0.441129 0.0690664 0.100866 0.889079
Rotate_Time: 1166.67 Rotation: -0.442814 0.0705393 0.089678 0.889325
Rotate_Time: 1233.33 Rotation: -0.441771 0.0722032 0.063083 0.891989
Rotate_Time: 1266.67 Rotation: -0.43687 0.0729724 0.0507208 0.895124
Rotate_Time: 1300 Rotation: -0.431408 0.0744412 0.04315 0.898044
Rotate_Time: 1333.33 Rotation: -0.427352 0.0758135 0.0346962 0.900233
Rotate_Time: 1366.67 Rotation: -0.423987 0.0773978 0.0241214 0.902033
Rotate_Time: 1400 Rotation: -0.420803 0.0777938 0.0150707 0.903685
Rotate_Time: 1466.67 Rotation: -0.417768 0.0753494 0.00065085 0.905424
Rotate_Time: 1533.33 Rotation: -0.41564 0.0743142 -0.0120601 0.906408
Rotate_Time: 1633.33 Rotation: -0.414892 0.0787024 -0.0141169 0.90635
Rotate_Time: 1666.67 Rotation: -0.413648 0.08085 -0.0141269 0.90673
Rotate_Time: 1700 Rotation: -0.410846 0.0820666 -0.00984293 0.90795
Rotate_Time: 1733.33 Rotation: -0.404313 0.0846742 -0.0057385 0.910675
Rotate_Time: 1766.67 Rotation: -0.395502 0.088272 -0.00157621 0.914212
Rotate_Time: 1800 Rotation: -0.384787 0.0919936 0.000743663 0.918409
Rotate_Time: 1833.33 Rotation: -0.375537 0.0963877 0.0015672 0.92178
Rotate_Time: 1900 Rotation: -0.367366 0.105247 -0.0135368 0.924003
Rotate_Time: 1933.33 Rotation: -0.367827 0.109085 -0.026265 0.9231
Rotate_Time: 1966.67 Rotation: -0.364481 0.109678 -0.0420071 0.923775
Rotate_Time: 2000 Rotation: -0.362018 0.109736 -0.0600954 0.923737
Rotate_Time: 2033.33 Rotation: -0.362483 0.110266 -0.0759709 0.922321
Rotate_Time: 2066.67 Rotation: -0.361465 0.111104 -0.091425 0.921217
Rotate_Time: 2100 Rotation: -0.357502 0.111853 -0.103604 0.921384
Rotate_Time: 2133.33 Rotation: -0.35221 0.113998 -0.111981 0.922178
Rotate_Time: 2166.67 Rotation: -0.343569 0.115967 -0.119188 0.924287
Rotate_Time: 2266.67 Rotation: -0.325058 0.126275 -0.131753 0.927919
Rotate_Time: 2300 Rotation: -0.318044 0.129647 -0.131015 0.929987
Rotate_Time: 2333.33 Rotation: -0.313375 0.133988 -0.126784 0.931541
Rotate_Time: 2366.67 Rotation: -0.307817 0.138498 -0.121873 0.933389
