***************Animation_File_Header***************
#Nodes: 66
#KeyFrames: 42
#Duration: 700
#TicksPerSecond: 30
#GlobalInverseTransform: 1 -0 0 0 -0 1 0 0 0 -0 1 0 0 -0 0 1 
#RootBoneName: mixamorig:Hips
#RootBoneIndex: 1

***********************Nodes***********************
#0_Matrix: 1 0 -0 0 0 1 -0 0 -0 -0 1 -0 0 0 -0 1 
#1_Matrix: 1 0 -0 0 0 1 -0 0 -0 -0 1 -0 0 93.4115 -0 1 
#2_Matrix: 1 0 -0 0 0 0.996489 0.0837231 0 -0 -0.0837231 0.996489 -0 0 10.9697 0.9217 1 
#3_Matrix: 1 0 -0 0 0 1 -0 0 -0 -0 1 -0 0 12.8431 -0 1 
#4_Matrix: 1 0 -0 0 0 1 -0 0 -0 -0 1 -0 0 14.6778 -0 1 
#5_Matrix: 1 0 -0 0 0 0.996489 -0.0837231 0 -0 0.0837231 0.996489 -0 0 16.5125 -0 1 
#6_Matrix: 1 0 -0 0 0 1 -0 0 -0 -0 1 -0 0 7.0611 -2.2989 1 
#7_Matrix: 1 0 -0 0 0 1 -0 0 -0 -0 1 -0 0 18.9304 -6.1633 1 
#8_Matrix: -0.0298506 -0.000695505 0.999554 0 0.950437 -0.309638 0.0281683 0 0.30948 0.950854 0.0099039 -0 6.9169 14.0571 0.2219 1 
#9_Matrix: 0.999551 0.029138 0.00692595 0 -0.0298506 0.950437 0.30948 0 0.00243495 -0.309548 0.950881 -0 0 14.5318 -0 1 
#10_Matrix: 0.999996 -3.14321e-09 -0.00291634 0 1.04774e-09 1 7.45058e-09 0 0.00291634 -7.45058e-09 0.999996 -0 0 21.0267 -0 1 
#11_Matrix: 0.992733 -0.101285 0.0649864 0 0.104255 0.993574 -0.0440611 0 -0.0601061 0.0505161 0.996913 -0 0 30.839 -0 1 
#12_Matrix: 0.824137 0.555522 0.11042 0 -0.469541 0.779132 -0.415314 0 -0.316748 0.290429 0.902952 -0 -3.8466 2.9022 -1.2821 1 
#13_Matrix: 0.997771 0.0666559 -0.00317458 0 -0.0666561 0.997776 4.43161e-05 0 0.00317047 0.0001674 0.999995 -0 -0.2103 3.9835 -0 1 
#14_Matrix: 0.999787 0.0206416 -0.000473758 0 -0.0206416 0.999787 1.63987e-05 0 0.000473996 -6.61798e-06 1 -0 0.0672 4.8128 -0 1 
#15_Matrix: 1 0 -0 0 0 1 -0 0 -0 -0 1 -0 0.1431 4.1336 -0 1 
#16_Matrix: 0.99378 0.111036 -0.00850156 0 -0.110471 0.992591 0.0505968 0 0.0140567 -0.0493429 0.998683 -0 -4.3203 10.6382 0.5629 1 
#17_Matrix: 0.999915 -0.0130099 0.000370702 0 0.0130099 0.999915 1.37091e-06 0 -0.000370689 3.45707e-06 1 -0 0.0409 4.4269 -0 1 
#18_Matrix: 0.999991 -0.00424935 -0.000300031 0 0.00424935 0.999991 -2.40281e-06 0 0.000300039 1.12876e-06 1 -0 -0.0153 4.0567 -0 1 
#19_Matrix: 1 0 -0 0 0 1 -0 0 -0 -0 1 -0 -0.0256 3.1916 -0 1 
#20_Matrix: 0.994354 0.104884 -0.0160857 0 -0.103955 0.993296 0.0505595 0 0.0212807 -0.0486018 0.998591 -0 -1.0825 10.619 0.5399 1 
#21_Matrix: 0.999984 -0.00558635 -7.03122e-06 0 0.00558635 0.999984 -2.23517e-08 0 7.03122e-06 -1.49012e-08 1 -0 0.0121 4.5069 -0 1 
#22_Matrix: 0.999995 0.00304647 4.88148e-05 0 -0.00304647 0.999995 -1.11759e-08 0 -4.88146e-05 -1.37836e-07 1 -0 -0.0126 4.3424 -0 1 
#23_Matrix: 1 0 -0 0 0 1 -0 0 -0 -0 1 -0 0.0005 3.4516 -0 1 
#24_Matrix: 0.993463 0.1037 -0.047719 0 -0.101285 0.993574 0.0505162 0 0.0526509 -0.0453527 0.997583 -0 1.6396 10.3161 0.4749 1 
#25_Matrix: 1 0 -0 0 0 1 -0 0 -0 -0 1 -0 0 4.4057 -0 1 
#26_Matrix: 1 0 -0 0 0 1 -0 0 -0 -0 1 -0 0 4.1563 -0 1 
#27_Matrix: 1 0 -0 0 0 1 -0 0 -0 -0 1 -0 0 3.334 -0 1 
#28_Matrix: 0.991506 0.0983174 -0.0851388 0 -0.0943071 0.994291 0.049918 0 0.0895606 -0.0414648 0.995118 -0 3.7632 8.7588 0.7165 1 
#29_Matrix: 0.99983 0.0184576 0.000456973 0 -0.0184576 0.99983 -5.20051e-06 0 -0.000456991 -3.21865e-06 1 -0 -0.0319 4.5312 -0 1 
#30_Matrix: 0.999876 -0.0157279 -0.00056465 0 0.0157279 0.999876 -2.44379e-06 0 0.000564619 -6.4373e-06 1 -0 0.0437 3.8269 -0 1 
#31_Matrix: 1 0 -0 0 0 1 -0 0 -0 -0 1 -0 -0.0117 2.7147 -0 1 
#32_Matrix: -0.0253065 0.000541079 -0.99968 0 -0.950437 -0.309998 0.0238922 0 -0.309885 0.950737 0.00835923 -0 -6.9169 14.0545 0.1909 1 
#33_Matrix: 0.99968 -0.024141 -0.00759602 0 0.0253065 0.950437 0.309885 0 -0.000261395 -0.309978 0.950744 -0 0 14.5318 -0 1 
#34_Matrix: 0.999995 -2.32831e-10 0.00309834 0 1.04774e-09 1 7.45058e-09 0 -0.00309834 -7.45058e-09 0.999995 -0 0 21.0299 -0 1 
#35_Matrix: 0.992695 0.109127 -0.0514499 0 -0.110803 0.993361 -0.0309195 0 0.0477342 0.0363944 0.998197 -0 0 30.8395 -0 1 
#36_Matrix: 0.830476 -0.545772 -0.111547 0 0.455011 0.780127 -0.42938 0 0.321364 0.305835 0.896209 -0 3.7667 2.8992 -1.2779 1 
#37_Matrix: 0.998969 -0.0446492 0.00814934 0 0.0446524 0.999003 -0.000214979 0 -0.00813161 0.000578642 0.999967 -0 0.2795 3.9277 -0 1 
#38_Matrix: 0.99242 -0.12288 0.00146302 0 0.12288 0.992422 0.000142094 0 -0.00146939 3.87616e-05 0.999999 -0 0.1252 4.7458 -0 1 
#39_Matrix: 1 0 -0 0 0 1 -0 0 -0 -0 1 -0 -0.4047 4.167 -0 1 
#40_Matrix: 0.993113 -0.116864 0.00836669 0 0.116487 0.992523 0.0364574 0 -0.0125647 -0.0352317 0.9993 -0 4.2468 10.7473 0.6027 1 
#41_Matrix: 0.999881 0.0154105 4.41079e-05 0 -0.0154105 0.999881 -3.57628e-07 0 -4.41079e-05 -3.27826e-07 1 -0 -0.0327 4.414 -0 1 
#42_Matrix: 0.999968 -0.00794218 -0.000296818 0 0.00794218 0.999968 2.23517e-08 0 0.000296809 -2.37674e-06 1 -0 0.0325 4.0609 -0 1 
#43_Matrix: 1 0 -0 0 0 1 -0 0 -0 -0 1 -0 0.0002 3.2942 -0 1 
#44_Matrix: 0.993115 -0.116076 0.0157777 0 0.115441 0.992644 0.0364954 0 -0.0198979 -0.0344228 0.999209 -0 1.1613 10.5711 0.3873 1 
#45_Matrix: 0.999946 0.0103595 -0.000148241 0 -0.0103595 0.999946 5.81145e-07 0 0.000148239 9.31323e-07 1 -0 -0.0279 4.3896 -0 1 
#46_Matrix: 0.999999 -0.00117322 -4.73387e-05 0 0.00117322 0.999999 1.3411e-07 0 4.73385e-05 -1.90921e-07 1 -0 0.0177 4.4207 -0 1 
#47_Matrix: 1 0 -0 0 0 1 -0 0 -0 -0 1 -0 0.0102 3.6034 -0 1 
#48_Matrix: 0.992198 -0.111073 0.0566129 0 0.109127 0.993361 0.0363944 0 -0.0602795 -0.0299324 0.997733 -0 -1.6563 10.1834 0.59 1 
#49_Matrix: 1 -0.000120421 -5.96278e-06 0 0.000120421 1 -0 0 5.96278e-06 -0 1 -0 0 4.6059 -0 1 
#50_Matrix: 1 0.000264198 -2.5639e-06 0 -0.000264198 1 1.49012e-08 0 2.5639e-06 -1.49012e-08 1 -0 -0.0005 4.1521 -0 1 
#51_Matrix: 1 0 -0 0 0 1 -0 0 -0 -0 1 -0 0.0005 3.4776 -0 1 
#52_Matrix: 0.987529 -0.10894 0.113657 0 0.105488 0.99377 0.0359758 0 -0.116868 -0.0235377 0.992869 -0 -3.7518 9.0051 0.7625 1 
#53_Matrix: 0.999792 -0.0203875 -0.00117967 0 0.0203875 0.999792 -1.97142e-05 0 0.00117983 -4.35114e-06 0.999999 -0 0.0166 4.5044 -0 1 
#54_Matrix: 0.999491 0.0318897 0.000216136 0 -0.0318897 0.999491 -3.27826e-06 0 -0.00021613 -3.60608e-06 1 -0 -0.0614 3.6755 -0 1 
#55_Matrix: 1 0 -0 0 0 1 -0 0 -0 -0 1 -0 0.0448 2.9488 -0 1 
#56_Matrix: -0.999767 -0.0215189 0.00159872 0 0.021572 -0.998504 0.0502547 0 0.000514904 0.0502775 0.998735 -0 9.2854 -6.1014 -0.0984 1 
#57_Matrix: 0.998886 -0.0471884 -0 0 0.0471327 0.997707 0.0485743 0 -0.00229214 -0.0485202 0.99882 -0 0 41.2799 -0 1 
#58_Matrix: 0.99501 0.0101249 0.0992617 0 0.082235 0.480173 -0.873311 0 -0.056505 0.877115 0.476944 -0 0 34.8206 -0 1 
#59_Matrix: 0.999288 0 0.0377233 0 0.0203718 0.841645 -0.539647 0 -0.0317496 0.540032 0.841046 -0 0 19.6235 -0 1 
#60_Matrix: 1 0 -0 0 0 1 -0 0 -0 -0 1 -0 0 7.2782 -0 1 
#61_Matrix: -0.999767 0.0214874 -0.0018867 0 -0.0215615 -0.998002 0.0593934 0 -0.000606723 0.0594202 0.998233 -0 -9.2854 -6.1014 -0.477 1 
#62_Matrix: 0.998886 0.0471919 -0 0 -0.0471887 0.998819 0.0115556 0 0.000545329 -0.0115427 0.999933 -0 0 41.3007 -0 1 
#63_Matrix: 0.994021 -0.0101379 -0.108718 0 -0.0864972 0.534552 -0.840698 0 0.0666385 0.845075 0.530479 -0 0 34.7381 -0 1 
#64_Matrix: 0.999784 0 -0.0207627 0 -0.0118167 0.822245 -0.56901 0 0.017072 0.569133 0.822068 -0 0 18.6696 -0 1 
#65_Matrix: 1 0 -0 0 0 1 -0 0 -0 -0 1 -0 0 7.2377 -0 1 

**********************Parents**********************
#0_Parents: -1
#1_Parents: 0
#2_Parents: 1
#3_Parents: 2
#4_Parents: 3
#5_Parents: 4
#6_Parents: 5
#7_Parents: 6
#8_Parents: 4
#9_Parents: 8
#10_Parents: 9
#11_Parents: 10
#12_Parents: 11
#13_Parents: 12
#14_Parents: 13
#15_Parents: 14
#16_Parents: 11
#17_Parents: 16
#18_Parents: 17
#19_Parents: 18
#20_Parents: 11
#21_Parents: 20
#22_Parents: 21
#23_Parents: 22
#24_Parents: 11
#25_Parents: 24
#26_Parents: 25
#27_Parents: 26
#28_Parents: 11
#29_Parents: 28
#30_Parents: 29
#31_Parents: 30
#32_Parents: 4
#33_Parents: 32
#34_Parents: 33
#35_Parents: 34
#36_Parents: 35
#37_Parents: 36
#38_Parents: 37
#39_Parents: 38
#40_Parents: 35
#41_Parents: 40
#42_Parents: 41
#43_Parents: 42
#44_Parents: 35
#45_Parents: 44
#46_Parents: 45
#47_Parents: 46
#48_Parents: 35
#49_Parents: 48
#50_Parents: 49
#51_Parents: 50
#52_Parents: 35
#53_Parents: 52
#54_Parents: 53
#55_Parents: 54
#56_Parents: 1
#57_Parents: 56
#58_Parents: 57
#59_Parents: 58
#60_Parents: 59
#61_Parents: 1
#62_Parents: 61
#63_Parents: 62
#64_Parents: 63
#65_Parents: 64

********************BoneIndices********************
#0_BoneIndex: -1
#1_BoneIndex: 3
#2_BoneIndex: 1
#3_BoneIndex: 2
#4_BoneIndex: 0
#5_BoneIndex: 27
#6_BoneIndex: 28
#7_BoneIndex: -1
#8_BoneIndex: 6
#9_BoneIndex: 7
#10_BoneIndex: 9
#11_BoneIndex: 18
#12_BoneIndex: 20
#13_BoneIndex: 38
#14_BoneIndex: 39
#15_BoneIndex: -1
#16_BoneIndex: 33
#17_BoneIndex: 31
#18_BoneIndex: 32
#19_BoneIndex: -1
#20_BoneIndex: 22
#21_BoneIndex: 30
#22_BoneIndex: 29
#23_BoneIndex: -1
#24_BoneIndex: 21
#25_BoneIndex: 34
#26_BoneIndex: 37
#27_BoneIndex: -1
#28_BoneIndex: 19
#29_BoneIndex: 35
#30_BoneIndex: 36
#31_BoneIndex: -1
#32_BoneIndex: 4
#33_BoneIndex: 5
#34_BoneIndex: 8
#35_BoneIndex: 23
#36_BoneIndex: 26
#37_BoneIndex: 40
#38_BoneIndex: 51
#39_BoneIndex: -1
#40_BoneIndex: 46
#41_BoneIndex: 44
#42_BoneIndex: 45
#43_BoneIndex: -1
#44_BoneIndex: 24
#45_BoneIndex: 43
#46_BoneIndex: 42
#47_BoneIndex: -1
#48_BoneIndex: 41
#49_BoneIndex: 47
#50_BoneIndex: 48
#51_BoneIndex: -1
#52_BoneIndex: 25
#53_BoneIndex: 49
#54_BoneIndex: 50
#55_BoneIndex: -1
#56_BoneIndex: 13
#57_BoneIndex: 12
#58_BoneIndex: 10
#59_BoneIndex: 11
#60_BoneIndex: -1
#61_BoneIndex: 14
#62_BoneIndex: 17
#63_BoneIndex: 15
#64_BoneIndex: 16
#65_BoneIndex: -1

******************KeyFrameIndices******************
#0_KeyFrameIndex: -1
#1_KeyFrameIndex: 1
#2_KeyFrameIndex: 39
#3_KeyFrameIndex: 40
#4_KeyFrameIndex: 41
#5_KeyFrameIndex: 20
#6_KeyFrameIndex: 0
#7_KeyFrameIndex: -1
#8_KeyFrameIndex: 17
#9_KeyFrameIndex: 2
#10_KeyFrameIndex: 4
#11_KeyFrameIndex: 5
#12_KeyFrameIndex: 14
#13_KeyFrameIndex: 15
#14_KeyFrameIndex: -1
#15_KeyFrameIndex: -1
#16_KeyFrameIndex: 6
#17_KeyFrameIndex: 7
#18_KeyFrameIndex: -1
#19_KeyFrameIndex: -1
#20_KeyFrameIndex: 8
#21_KeyFrameIndex: 9
#22_KeyFrameIndex: -1
#23_KeyFrameIndex: -1
#24_KeyFrameIndex: 12
#25_KeyFrameIndex: 13
#26_KeyFrameIndex: -1
#27_KeyFrameIndex: -1
#28_KeyFrameIndex: 10
#29_KeyFrameIndex: 11
#30_KeyFrameIndex: -1
#31_KeyFrameIndex: -1
#32_KeyFrameIndex: 36
#33_KeyFrameIndex: 21
#34_KeyFrameIndex: 23
#35_KeyFrameIndex: 24
#36_KeyFrameIndex: 33
#37_KeyFrameIndex: 34
#38_KeyFrameIndex: -1
#39_KeyFrameIndex: -1
#40_KeyFrameIndex: 25
#41_KeyFrameIndex: 26
#42_KeyFrameIndex: -1
#43_KeyFrameIndex: -1
#44_KeyFrameIndex: 27
#45_KeyFrameIndex: 28
#46_KeyFrameIndex: -1
#47_KeyFrameIndex: -1
#48_KeyFrameIndex: 31
#49_KeyFrameIndex: 32
#50_KeyFrameIndex: -1
#51_KeyFrameIndex: -1
#52_KeyFrameIndex: 29
#53_KeyFrameIndex: 30
#54_KeyFrameIndex: -1
#55_KeyFrameIndex: -1
#56_KeyFrameIndex: 19
#57_KeyFrameIndex: 16
#58_KeyFrameIndex: 3
#59_KeyFrameIndex: 18
#60_KeyFrameIndex: -1
#61_KeyFrameIndex: 38
#62_KeyFrameIndex: 35
#63_KeyFrameIndex: 22
#64_KeyFrameIndex: 37
#65_KeyFrameIndex: -1

*********************KeyFrames*********************
#0_KeyFrame
Scale_Size: 20
Rotate_Size: 20
Pos_Size: 20
Scale_Time: 0 Scale: 1 1 1
Scale_Time: 33.3333 Scale: 1 1 1
Scale_Time: 66.6667 Scale: 1 1 1
Scale_Time: 100 Scale: 1 1 1
Scale_Time: 133.333 Scale: 1 1 1
Scale_Time: 166.667 Scale: 1 1 1
Scale_Time: 200 Scale: 1 1 1
Scale_Time: 233.333 Scale: 1 1 1
Scale_Time: 266.667 Scale: 1 1 1
Scale_Time: 333.333 Scale: 1 1 1
Scale_Time: 366.667 Scale: 1 1 1
Scale_Time: 400 Scale: 1 1 1
Scale_Time: 433.333 Scale: 1 1 1
Scale_Time: 466.667 Scale: 1 1 1
Scale_Time: 500 Scale: 1 1 1
Scale_Time: 533.333 Scale: 1 1 1
Scale_Time: 600 Scale: 1 1 1
Scale_Time: 633.333 Scale: 1 1 1
Scale_Time: 666.667 Scale: 1 1 1
Scale_Time: 700 Scale: 1 1 1
Rotate_Time: 0 Rotation: 0.119447 0.0692485 -0.037522 0.989712
Rotate_Time: 33.3333 Rotation: 0.0976287 0.105265 -0.0319693 0.989124
Rotate_Time: 66.6667 Rotation: 0.083339 0.14166 -0.0309104 0.985917
Rotate_Time: 100 Rotation: 0.0536203 0.17177 -0.0174006 0.983523
Rotate_Time: 133.333 Rotation: 0.0498327 0.184721 -0.0166275 0.981386
Rotate_Time: 166.667 Rotation: 0.0561425 0.168604 -0.023916 0.983793
Rotate_Time: 200 Rotation: 0.0459737 0.165908 -0.00597152 0.985051
Rotate_Time: 233.333 Rotation: 0.0521853 0.164557 0.0133731 0.984895
Rotate_Time: 266.667 Rotation: 0.0720708 0.145269 0.0273682 0.986384
Rotate_Time: 333.333 Rotation: 0.134332 0.0704626 0.0520594 0.987056
Rotate_Time: 366.667 Rotation: 0.129451 0.0288349 0.0311071 0.990678
Rotate_Time: 400 Rotation: 0.12516 -0.0063224 0.0261719 0.991771
Rotate_Time: 433.333 Rotation: 0.0873387 -0.0632867 0.00828729 0.994132
Rotate_Time: 466.667 Rotation: 0.0832215 -0.0940848 -0.00463275 0.992069
Rotate_Time: 500 Rotation: 0.0925354 -0.104264 -0.00882138 0.990196
Rotate_Time: 533.333 Rotation: 0.103673 -0.0950431 -0.0267714 0.989698
Rotate_Time: 600 Rotation: 0.110988 -0.0577801 -0.025396 0.991816
Rotate_Time: 633.333 Rotation: 0.132537 -0.0197393 -0.0350612 0.990361
Rotate_Time: 666.667 Rotation: 0.131421 0.0262045 -0.0354245 0.990347
Rotate_Time: 700 Rotation: 0.119447 0.0692484 -0.037522 0.989712
Pos_Time: 0 Pos: 0 7.0611 -2.2989
Pos_Time: 33.3333 Pos: 0 7.0611 -2.2989
Pos_Time: 66.6667 Pos: 0 7.0611 -2.2989
Pos_Time: 100 Pos: 0 7.0611 -2.2989
Pos_Time: 133.333 Pos: 0 7.0611 -2.2989
Pos_Time: 166.667 Pos: 0 7.0611 -2.2989
Pos_Time: 200 Pos: 0 7.0611 -2.2989
Pos_Time: 233.333 Pos: 0 7.0611 -2.2989
Pos_Time: 266.667 Pos: 0 7.0611 -2.2989
Pos_Time: 333.333 Pos: 0 7.0611 -2.2989
Pos_Time: 366.667 Pos: 0 7.0611 -2.2989
Pos_Time: 400 Pos: 0 7.0611 -2.2989
Pos_Time: 433.333 Pos: 0 7.0611 -2.2989
Pos_Time: 466.667 Pos: 0 7.0611 -2.2989
Pos_Time: 500 Pos: 0 7.0611 -2.2989
Pos_Time: 533.333 Pos: 0 7.0611 -2.2989
Pos_Time: 600 Pos: 0 7.0611 -2.2989
Pos_Time: 633.333 Pos: 0 7.0611 -2.2989
Pos_Time: 666.667 Pos: 0 7.0611 -2.2989
Pos_Time: 700 Pos: 0 7.0611 -2.2989

#1_KeyFrame
Scale_Size: 20
Rotate_Size: 20
Pos_Size: 20
Scale_Time: 0 Scale: 1 1 1
Scale_Time: 33.3333 Scale: 1 1 1
Scale_Time: 66.6667 Scale: 1 1 1
Scale_Time: 100 Scale: 1 1 1
Scale_Time: 133.333 Scale: 1 1 1
Scale_Time: 166.667 Scale: 1 1 1
Scale_Time: 200 Scale: 1 1 1
Scale_Time: 233.333 Scale: 1 1 1
Scale_Time: 266.667 Scale: 1 1 1
Scale_Time: 333.333 Scale: 1 1 1
Scale_Time: 366.667 Scale: 1 1 1
Scale_Time: 400 Scale: 1 1 1
Scale_Time: 433.333 Scale: 1 1 1
Scale_Time: 466.667 Scale: 1 1 1
Scale_Time: 500 Scale: 1 1 1
Scale_Time: 533.333 Scale: 1 1 1
Scale_Time: 600 Scale: 1 1 1
Scale_Time: 633.333 Scale: 1 1 1
Scale_Time: 666.667 Scale: 1 1 1
Scale_Time: 700 Scale: 1 1 1
Rotate_Time: 0 Rotation: -0.0467003 -0.0267779 -0.0257841 0.998217
Rotate_Time: 33.3333 Rotation: -0.0468303 -0.0213735 -0.0152222 0.998558
Rotate_Time: 66.6667 Rotation: -0.044048 -0.0289824 -0.00610035 0.99859
Rotate_Time: 100 Rotation: -0.0448714 -0.0484483 0.00454196 0.997807
Rotate_Time: 133.333 Rotation: -0.046989 -0.0523798 0.00453387 0.997511
Rotate_Time: 166.667 Rotation: -0.0352597 -0.0379113 -0.000891501 0.998658
Rotate_Time: 200 Rotation: -0.0248578 -0.0427891 -0.000971773 0.998774
Rotate_Time: 233.333 Rotation: -0.0204596 -0.0597282 -4.91337e-05 0.998005
Rotate_Time: 266.667 Rotation: -0.0189319 -0.0596765 0.00226545 0.998036
Rotate_Time: 333.333 Rotation: -0.0322696 -0.0480443 -0.000622786 0.998324
Rotate_Time: 366.667 Rotation: -0.0350762 -0.0485418 -0.0165195 0.998068
Rotate_Time: 400 Rotation: -0.0441345 -0.0308165 -0.0317736 0.998045
Rotate_Time: 433.333 Rotation: -0.0620784 -0.00138142 -0.0420693 0.997183
Rotate_Time: 466.667 Rotation: -0.0762292 0.00467722 -0.0384332 0.996338
Rotate_Time: 500 Rotation: -0.0664791 0.00445296 -0.0305175 0.997311
Rotate_Time: 533.333 Rotation: -0.0562234 0.00691282 -0.0259495 0.998057
Rotate_Time: 600 Rotation: -0.0539717 -0.010967 -0.0206998 0.998268
Rotate_Time: 633.333 Rotation: -0.0548744 -0.0251735 -0.0308131 0.9977
Rotate_Time: 666.667 Rotation: -0.0487098 -0.0376665 -0.0424816 0.997198
Rotate_Time: 700 Rotation: -0.0467003 -0.0267779 -0.0257841 0.998217
Pos_Time: 0 Pos: 0.135553 86.5121 -0.355081
Pos_Time: 33.3333 Pos: 0.50648 88.2514 -15.7575
Pos_Time: 66.6667 Pos: 0.718066 90.811 -30.9748
Pos_Time: 100 Pos: 0.912098 92.7619 -46.9909
Pos_Time: 133.333 Pos: 0.968688 92.8386 -62.9058
Pos_Time: 166.667 Pos: 1.27046 92.6121 -77.7148
Pos_Time: 200 Pos: 1.36045 91.9097 -92.3116
Pos_Time: 233.333 Pos: 1.3032 90.5797 -105.929
Pos_Time: 266.667 Pos: 1.00545 88.0368 -118.554
Pos_Time: 333.333 Pos: 0.366969 85.2811 -143.477
Pos_Time: 366.667 Pos: 0.336976 86.8983 -157.339
Pos_Time: 400 Pos: 0.37519 89.2353 -172.215
Pos_Time: 433.333 Pos: 0.333175 91.1475 -187.101
Pos_Time: 466.667 Pos: 0.421578 91.9258 -201.367
Pos_Time: 500 Pos: 0.446188 91.5164 -216.244
Pos_Time: 533.333 Pos: 0.385521 90.6192 -231.139
Pos_Time: 600 Pos: 0.119266 87.5445 -258.659
Pos_Time: 633.333 Pos: -0.111701 85.6726 -271.431
Pos_Time: 666.667 Pos: -0.241812 84.9159 -284.69
Pos_Time: 700 Pos: 0.135553 86.5121 -299.194

#2_KeyFrame
Scale_Size: 20
Rotate_Size: 20
Pos_Size: 20
Scale_Time: 0 Scale: 1 1 1
Scale_Time: 33.3333 Scale: 1 1 1
Scale_Time: 66.6667 Scale: 1 1 1
Scale_Time: 100 Scale: 1 1 1
Scale_Time: 133.333 Scale: 1 1 1
Scale_Time: 166.667 Scale: 1 1 1
Scale_Time: 200 Scale: 1 1 1
Scale_Time: 233.333 Scale: 1 1 1
Scale_Time: 266.667 Scale: 1 1 1
Scale_Time: 333.333 Scale: 1 1 1
Scale_Time: 366.667 Scale: 1 1 1
Scale_Time: 400 Scale: 1 1 1
Scale_Time: 433.333 Scale: 1 1 1
Scale_Time: 466.667 Scale: 1 1 1
Scale_Time: 500 Scale: 1 1 1
Scale_Time: 533.333 Scale: 1 1 1
Scale_Time: 600 Scale: 1 1 1
Scale_Time: 633.333 Scale: 1 1 1
Scale_Time: 666.667 Scale: 1 1 1
Scale_Time: 700 Scale: 1 1 1
Rotate_Time: 0 Rotation: -0.377443 -0.0418112 -0.263323 0.88682
Rotate_Time: 33.3333 Rotation: -0.348032 -0.047736 -0.282037 0.892777
Rotate_Time: 66.6667 Rotation: -0.312098 -0.0628586 -0.288628 0.902961
Rotate_Time: 100 Rotation: -0.275917 -0.0816907 -0.28778 0.913444
Rotate_Time: 133.333 Rotation: -0.247175 -0.0983924 -0.283636 0.921289
Rotate_Time: 166.667 Rotation: -0.231003 -0.105637 -0.273812 0.927634
Rotate_Time: 200 Rotation: -0.227603 -0.0968888 -0.248153 0.936605
Rotate_Time: 233.333 Rotation: -0.236517 -0.0706764 -0.198732 0.948457
Rotate_Time: 266.667 Rotation: -0.259663 -0.0336553 -0.131296 0.95614
Rotate_Time: 333.333 Rotation: -0.327046 0.0305216 -0.0182873 0.944338
Rotate_Time: 366.667 Rotation: -0.344701 0.0524997 0.00334931 0.937237
Rotate_Time: 400 Rotation: -0.343441 0.0730843 0.00527503 0.936311
Rotate_Time: 433.333 Rotation: -0.330126 0.0927065 -0.00260021 0.93937
Rotate_Time: 466.667 Rotation: -0.316153 0.107205 -0.0132819 0.942538
Rotate_Time: 500 Rotation: -0.31006 0.110144 -0.0289671 0.943871
Rotate_Time: 533.333 Rotation: -0.313799 0.0967247 -0.0563724 0.942866
Rotate_Time: 600 Rotation: -0.341669 0.0317263 -0.136767 0.929274
Rotate_Time: 633.333 Rotation: -0.357894 -0.00357604 -0.175973 0.917024
Rotate_Time: 666.667 Rotation: -0.370745 -0.0300823 -0.215912 0.902788
Rotate_Time: 700 Rotation: -0.377443 -0.0418111 -0.263324 0.88682
Pos_Time: 0 Pos: 0 14.5318 -0
Pos_Time: 33.3333 Pos: 0 14.5318 -0
Pos_Time: 66.6667 Pos: 0 14.5318 -0
Pos_Time: 100 Pos: 0 14.5318 -0
Pos_Time: 133.333 Pos: 0 14.5318 -0
Pos_Time: 166.667 Pos: 0 14.5318 -0
Pos_Time: 200 Pos: 0 14.5318 -0
Pos_Time: 233.333 Pos: 0 14.5318 -0
Pos_Time: 266.667 Pos: 0 14.5318 -0
Pos_Time: 333.333 Pos: 0 14.5318 -0
Pos_Time: 366.667 Pos: 0 14.5318 -0
Pos_Time: 400 Pos: 0 14.5318 -0
Pos_Time: 433.333 Pos: 0 14.5318 -0
Pos_Time: 466.667 Pos: 0 14.5318 -0
Pos_Time: 500 Pos: 0 14.5318 -0
Pos_Time: 533.333 Pos: 0 14.5318 -0
Pos_Time: 600 Pos: 0 14.5318 -0
Pos_Time: 633.333 Pos: 0 14.5318 -0
Pos_Time: 666.667 Pos: 0 14.5318 -0
Pos_Time: 700 Pos: 0 14.5318 -0

#3_KeyFrame
Scale_Size: 20
Rotate_Size: 20
Pos_Size: 20
Scale_Time: 0 Scale: 1 1 1
Scale_Time: 33.3333 Scale: 1 1 1
Scale_Time: 66.6667 Scale: 1 1 1
Scale_Time: 100 Scale: 1 1 1
Scale_Time: 133.333 Scale: 1 1 1
Scale_Time: 166.667 Scale: 1 1 1
Scale_Time: 200 Scale: 1 1 1
Scale_Time: 233.333 Scale: 1 1 1
Scale_Time: 266.667 Scale: 1 1 1
Scale_Time: 333.333 Scale: 1 1 1
Scale_Time: 366.667 Scale: 1 1 1
Scale_Time: 400 Scale: 1 1 1
Scale_Time: 433.333 Scale: 1 1 1
Scale_Time: 466.667 Scale: 1 1 1
Scale_Time: 500 Scale: 1 1 1
Scale_Time: 533.333 Scale: 1 1 1
Scale_Time: 600 Scale: 1 1 1
Scale_Time: 633.333 Scale: 1 1 1
Scale_Time: 666.667 Scale: 1 1 1
Scale_Time: 700 Scale: 1 1 1
Rotate_Time: 0 Rotation: -0.623215 -0.068637 0.0188249 0.778806
Rotate_Time: 33.3333 Rotation: -0.639919 -0.0155127 -0.0910159 0.762875
Rotate_Time: 66.6667 Rotation: -0.615193 -0.0462698 -0.0259109 0.786591
Rotate_Time: 100 Rotation: -0.582646 -0.0433138 -0.0275009 0.811105
Rotate_Time: 133.333 Rotation: -0.618224 -0.0399698 -0.0339436 0.784251
Rotate_Time: 166.667 Rotation: -0.646049 -0.0455431 -0.0235497 0.761572
Rotate_Time: 200 Rotation: -0.635297 -0.0456442 -0.0215021 0.770618
Rotate_Time: 233.333 Rotation: -0.578295 -0.070949 0.0282114 0.812247
Rotate_Time: 266.667 Rotation: -0.52851 -0.0682628 0.0245406 0.845822
Rotate_Time: 333.333 Rotation: -0.715669 -0.0790749 0.0407953 0.692748
Rotate_Time: 366.667 Rotation: -0.711979 -0.0704876 0.025952 0.698171
Rotate_Time: 400 Rotation: -0.596869 -0.0607134 0.011832 0.799951
Rotate_Time: 433.333 Rotation: -0.396975 -0.0299073 -0.0402722 0.916458
Rotate_Time: 466.667 Rotation: -0.441739 -0.034112 -0.0374407 0.895713
Rotate_Time: 500 Rotation: -0.468035 -0.0213391 -0.0601724 0.881401
Rotate_Time: 533.333 Rotation: -0.470304 -0.012355 -0.0766208 0.879085
Rotate_Time: 600 Rotation: -0.549342 -0.0165148 -0.0745867 0.832098
Rotate_Time: 633.333 Rotation: -0.592694 -0.0424591 -0.0295297 0.803766
Rotate_Time: 666.667 Rotation: -0.621334 -0.0543807 -0.00823852 0.781613
Rotate_Time: 700 Rotation: -0.623215 -0.0686369 0.0188247 0.778805
Pos_Time: 0 Pos: 0 34.8206 -0
Pos_Time: 33.3333 Pos: 0 34.8206 -0
Pos_Time: 66.6667 Pos: 0 34.8206 -0
Pos_Time: 100 Pos: 0 34.8206 -0
Pos_Time: 133.333 Pos: 0 34.8206 -0
Pos_Time: 166.667 Pos: 0 34.8206 -0
Pos_Time: 200 Pos: 0 34.8206 -0
Pos_Time: 233.333 Pos: 0 34.8206 -0
Pos_Time: 266.667 Pos: 0 34.8206 -0
Pos_Time: 333.333 Pos: 0 34.8206 -0
Pos_Time: 366.667 Pos: 0 34.8206 -0
Pos_Time: 400 Pos: 0 34.8206 -0
Pos_Time: 433.333 Pos: 0 34.8206 -0
Pos_Time: 466.667 Pos: 0 34.8206 -0
Pos_Time: 500 Pos: 0 34.8206 -0
Pos_Time: 533.333 Pos: 0 34.8206 -0
Pos_Time: 600 Pos: 0 34.8206 -0
Pos_Time: 633.333 Pos: 0 34.8206 -0
Pos_Time: 666.667 Pos: 0 34.8206 -0
Pos_Time: 700 Pos: 0 34.8206 -0

#4_KeyFrame
Scale_Size: 20
Rotate_Size: 20
Pos_Size: 20
Scale_Time: 0 Scale: 1 1 1
Scale_Time: 33.3333 Scale: 1 1 1
Scale_Time: 66.6667 Scale: 1 1 1
Scale_Time: 100 Scale: 1 1 1
Scale_Time: 133.333 Scale: 1 1 1
Scale_Time: 166.667 Scale: 1 1 1
Scale_Time: 200 Scale: 1 1 1
Scale_Time: 233.333 Scale: 1 1 1
Scale_Time: 266.667 Scale: 1 1 1
Scale_Time: 333.333 Scale: 1 1 1
Scale_Time: 366.667 Scale: 1 1 1
Scale_Time: 400 Scale: 1 1 1
Scale_Time: 433.333 Scale: 1 1 1
Scale_Time: 466.667 Scale: 1 1 1
Scale_Time: 500 Scale: 1 1 1
Scale_Time: 533.333 Scale: 1 1 1
Scale_Time: 600 Scale: 1 1 1
Scale_Time: 633.333 Scale: 1 1 1
Scale_Time: 666.667 Scale: 1 1 1
Scale_Time: 700 Scale: 1 1 1
Rotate_Time: 0 Rotation: -0.137562 -0.069051 0.775411 0.61241
Rotate_Time: 33.3333 Rotation: -0.130002 -0.0967535 0.736297 0.656966
Rotate_Time: 66.6667 Rotation: -0.11828 -0.121703 0.693085 0.700594
Rotate_Time: 100 Rotation: -0.106588 -0.140895 0.65446 0.735167
Rotate_Time: 133.333 Rotation: -0.0993031 -0.151585 0.629106 0.755901
Rotate_Time: 166.667 Rotation: -0.100215 -0.154036 0.619446 0.763228
Rotate_Time: 200 Rotation: -0.110176 -0.150091 0.621179 0.761229
Rotate_Time: 233.333 Rotation: -0.125606 -0.140422 0.628064 0.75501
Rotate_Time: 266.667 Rotation: -0.139834 -0.124353 0.637011 0.747797
Rotate_Time: 333.333 Rotation: -0.14532 -0.0753279 0.671468 0.72273
Rotate_Time: 366.667 Rotation: -0.136889 -0.0471564 0.704401 0.694879
Rotate_Time: 400 Rotation: -0.125411 -0.019696 0.746001 0.653733
Rotate_Time: 433.333 Rotation: -0.114213 0.00427065 0.788484 0.604343
Rotate_Time: 466.667 Rotation: -0.105867 0.0209114 0.82397 0.556263
Rotate_Time: 500 Rotation: -0.1028 0.027758 0.848449 0.518455
Rotate_Time: 533.333 Rotation: -0.107347 0.0255446 0.861131 0.496263
Rotate_Time: 600 Rotation: -0.137988 0.00360715 0.849808 0.508697
Rotate_Time: 633.333 Rotation: -0.152166 -0.0148162 0.827289 0.540574
Rotate_Time: 666.667 Rotation: -0.15388 -0.039102 0.800049 0.578544
Rotate_Time: 700 Rotation: -0.137562 -0.069051 0.775411 0.61241
Pos_Time: 0 Pos: 0 21.0267 -0
Pos_Time: 33.3333 Pos: 0 21.0267 -0
Pos_Time: 66.6667 Pos: 0 21.0267 -0
Pos_Time: 100 Pos: 0 21.0267 -0
Pos_Time: 133.333 Pos: 0 21.0267 -0
Pos_Time: 166.667 Pos: 0 21.0267 -0
Pos_Time: 200 Pos: 0 21.0267 -0
Pos_Time: 233.333 Pos: 0 21.0267 -0
Pos_Time: 266.667 Pos: 0 21.0267 -0
Pos_Time: 333.333 Pos: 0 21.0267 -0
Pos_Time: 366.667 Pos: 0 21.0267 -0
Pos_Time: 400 Pos: 0 21.0267 -0
Pos_Time: 433.333 Pos: 0 21.0267 -0
Pos_Time: 466.667 Pos: 0 21.0267 -0
Pos_Time: 500 Pos: 0 21.0267 -0
Pos_Time: 533.333 Pos: 0 21.0267 -0
Pos_Time: 600 Pos: 0 21.0267 -0
Pos_Time: 633.333 Pos: 0 21.0267 -0
Pos_Time: 666.667 Pos: 0 21.0267 -0
Pos_Time: 700 Pos: 0 21.0267 -0

#5_KeyFrame
Scale_Size: 20
Rotate_Size: 20
Pos_Size: 20
Scale_Time: 0 Scale: 1 1 1
Scale_Time: 33.3333 Scale: 1 1 1
Scale_Time: 66.6667 Scale: 1 1 1
Scale_Time: 100 Scale: 1 1 1
Scale_Time: 133.333 Scale: 1 1 1
Scale_Time: 166.667 Scale: 1 1 1
Scale_Time: 200 Scale: 1 1 1
Scale_Time: 233.333 Scale: 1 1 1
Scale_Time: 266.667 Scale: 1 1 1
Scale_Time: 333.333 Scale: 1 1 1
Scale_Time: 366.667 Scale: 1 1 1
Scale_Time: 400 Scale: 1 1 1
Scale_Time: 433.333 Scale: 1 1 1
Scale_Time: 466.667 Scale: 1 1 1
Scale_Time: 500 Scale: 1 1 1
Scale_Time: 533.333 Scale: 1 1 1
Scale_Time: 600 Scale: 1 1 1
Scale_Time: 633.333 Scale: 1 1 1
Scale_Time: 666.667 Scale: 1 1 1
Scale_Time: 700 Scale: 1 1 1
Rotate_Time: 0 Rotation: -0.0223914 -0.132173 0.12431 0.983146
Rotate_Time: 33.3333 Rotation: -0.0232717 -0.151763 0.123486 0.980397
Rotate_Time: 66.6667 Rotation: -0.0217799 -0.159304 0.124468 0.97911
Rotate_Time: 100 Rotation: -0.0196611 -0.158209 0.126298 0.979098
Rotate_Time: 133.333 Rotation: -0.0186615 -0.151563 0.128209 0.97992
Rotate_Time: 166.667 Rotation: -0.0198034 -0.140989 0.130334 0.981195
Rotate_Time: 200 Rotation: -0.0224876 -0.126203 0.13376 0.982688
Rotate_Time: 233.333 Rotation: -0.0239336 -0.107197 0.139546 0.984105
Rotate_Time: 266.667 Rotation: -0.0203909 -0.0864827 0.147484 0.985065
Rotate_Time: 333.333 Rotation: 0.00118655 -0.0581573 0.163873 0.984765
Rotate_Time: 366.667 Rotation: 0.0102185 -0.0544984 0.169943 0.983893
Rotate_Time: 400 Rotation: 0.0122073 -0.0547701 0.173877 0.983167
Rotate_Time: 433.333 Rotation: 0.00693684 -0.0555534 0.175435 0.982898
Rotate_Time: 466.667 Rotation: -0.00268927 -0.0561713 0.174753 0.983005
Rotate_Time: 500 Rotation: -0.0135407 -0.0591683 0.172509 0.983136
Rotate_Time: 533.333 Rotation: -0.0227889 -0.0671724 0.167944 0.983241
Rotate_Time: 600 Rotation: -0.0230329 -0.0892437 0.159066 0.982956
Rotate_Time: 633.333 Rotation: -0.0146019 -0.0967985 0.156507 0.982813
Rotate_Time: 666.667 Rotation: -0.0112747 -0.107382 0.148902 0.98294
Rotate_Time: 700 Rotation: -0.0223915 -0.132174 0.12431 0.983146
Pos_Time: 0 Pos: 0 30.839 -0
Pos_Time: 33.3333 Pos: 0 30.839 -0
Pos_Time: 66.6667 Pos: 0 30.839 -0
Pos_Time: 100 Pos: 0 30.839 -0
Pos_Time: 133.333 Pos: 0 30.839 -0
Pos_Time: 166.667 Pos: 0 30.839 -0
Pos_Time: 200 Pos: 0 30.839 -0
Pos_Time: 233.333 Pos: 0 30.839 -0
Pos_Time: 266.667 Pos: 0 30.839 -0
Pos_Time: 333.333 Pos: 0 30.839 -0
Pos_Time: 366.667 Pos: 0 30.839 -0
Pos_Time: 400 Pos: 0 30.839 -0
Pos_Time: 433.333 Pos: 0 30.839 -0
Pos_Time: 466.667 Pos: 0 30.839 -0
Pos_Time: 500 Pos: 0 30.839 -0
Pos_Time: 533.333 Pos: 0 30.839 -0
Pos_Time: 600 Pos: 0 30.839 -0
Pos_Time: 633.333 Pos: 0 30.839 -0
Pos_Time: 666.667 Pos: 0 30.839 -0
Pos_Time: 700 Pos: 0 30.839 -0

#6_KeyFrame
Scale_Size: 20
Rotate_Size: 20
Pos_Size: 20
Scale_Time: 0 Scale: 1 1 1
Scale_Time: 33.3333 Scale: 1 1 1
Scale_Time: 66.6667 Scale: 1 1 1
Scale_Time: 100 Scale: 1 1 1
Scale_Time: 133.333 Scale: 1 1 1
Scale_Time: 166.667 Scale: 1 1 1
Scale_Time: 200 Scale: 1 1 1
Scale_Time: 233.333 Scale: 1 1 1
Scale_Time: 266.667 Scale: 1 1 1
Scale_Time: 333.333 Scale: 1 1 1
Scale_Time: 366.667 Scale: 1 1 1
Scale_Time: 400 Scale: 1 1 1
Scale_Time: 433.333 Scale: 1 1 1
Scale_Time: 466.667 Scale: 1 1 1
Scale_Time: 500 Scale: 1 1 1
Scale_Time: 533.333 Scale: 1 1 1
Scale_Time: 600 Scale: 1 1 1
Scale_Time: 633.333 Scale: 1 1 1
Scale_Time: 666.667 Scale: 1 1 1
Scale_Time: 700 Scale: 1 1 1
Rotate_Time: 0 Rotation: -0.60869 -0.0254919 0.0841204 0.788524
Rotate_Time: 33.3333 Rotation: -0.598314 -0.0249693 0.0838945 0.796466
Rotate_Time: 66.6667 Rotation: -0.573162 -0.0237053 0.0832983 0.814852
Rotate_Time: 100 Rotation: -0.542414 -0.0221668 0.08248 0.835759
Rotate_Time: 133.333 Rotation: -0.516072 -0.020854 0.0817069 0.852384
Rotate_Time: 166.667 Rotation: -0.504875 -0.0202974 0.0813591 0.85911
Rotate_Time: 200 Rotation: -0.507754 -0.0204403 0.0814496 0.857399
Rotate_Time: 233.333 Rotation: -0.515621 -0.0208314 0.0816932 0.852659
Rotate_Time: 266.667 Rotation: -0.527293 -0.0214125 0.0820442 0.845442
Rotate_Time: 333.333 Rotation: -0.557332 -0.0229121 0.0828886 0.825824
Rotate_Time: 366.667 Rotation: -0.573407 -0.0237174 0.083304 0.814679
Rotate_Time: 400 Rotation: -0.588741 -0.0244873 0.0836752 0.803606
Rotate_Time: 433.333 Rotation: -0.602319 -0.0251706 0.0839829 0.793426
Rotate_Time: 466.667 Rotation: -0.613175 -0.025718 0.0842139 0.785025
Rotate_Time: 500 Rotation: -0.620376 -0.026082 0.0843593 0.779318
Rotate_Time: 533.333 Rotation: -0.622989 -0.0262136 0.0844112 0.777221
Rotate_Time: 600 Rotation: -0.617979 -0.0259606 0.084312 0.781229
Rotate_Time: 633.333 Rotation: -0.613747 -0.025747 0.0842261 0.784575
Rotate_Time: 666.667 Rotation: -0.610187 -0.0255675 0.0841521 0.787361
Rotate_Time: 700 Rotation: -0.608689 -0.0255028 0.0841381 0.788523
Pos_Time: 0 Pos: -4.3203 10.6382 0.5629
Pos_Time: 33.3333 Pos: -4.3203 10.6382 0.5629
Pos_Time: 66.6667 Pos: -4.3203 10.6382 0.5629
Pos_Time: 100 Pos: -4.3203 10.6382 0.5629
Pos_Time: 133.333 Pos: -4.3203 10.6382 0.5629
Pos_Time: 166.667 Pos: -4.3203 10.6382 0.5629
Pos_Time: 200 Pos: -4.3203 10.6382 0.5629
Pos_Time: 233.333 Pos: -4.3203 10.6382 0.5629
Pos_Time: 266.667 Pos: -4.3203 10.6382 0.5629
Pos_Time: 333.333 Pos: -4.3203 10.6382 0.5629
Pos_Time: 366.667 Pos: -4.3203 10.6382 0.5629
Pos_Time: 400 Pos: -4.3203 10.6382 0.5629
Pos_Time: 433.333 Pos: -4.3203 10.6382 0.5629
Pos_Time: 466.667 Pos: -4.3203 10.6382 0.5629
Pos_Time: 500 Pos: -4.3203 10.6382 0.5629
Pos_Time: 533.333 Pos: -4.3203 10.6382 0.5629
Pos_Time: 600 Pos: -4.3203 10.6382 0.5629
Pos_Time: 633.333 Pos: -4.3203 10.6382 0.5629
Pos_Time: 666.667 Pos: -4.3203 10.6382 0.5629
Pos_Time: 700 Pos: -4.3203 10.6382 0.5629

#7_KeyFrame
Scale_Size: 20
Rotate_Size: 20
Pos_Size: 20
Scale_Time: 0 Scale: 1 1 1
Scale_Time: 33.3333 Scale: 1 1 1
Scale_Time: 66.6667 Scale: 1 1 1
Scale_Time: 100 Scale: 1 1 1
Scale_Time: 133.333 Scale: 1 1 1
Scale_Time: 166.667 Scale: 1 1 1
Scale_Time: 200 Scale: 1 1 1
Scale_Time: 233.333 Scale: 1 1 1
Scale_Time: 266.667 Scale: 1 1 1
Scale_Time: 333.333 Scale: 1 1 1
Scale_Time: 366.667 Scale: 1 1 1
Scale_Time: 400 Scale: 1 1 1
Scale_Time: 433.333 Scale: 1 1 1
Scale_Time: 466.667 Scale: 1 1 1
Scale_Time: 500 Scale: 1 1 1
Scale_Time: 533.333 Scale: 1 1 1
Scale_Time: 600 Scale: 1 1 1
Scale_Time: 633.333 Scale: 1 1 1
Scale_Time: 666.667 Scale: 1 1 1
Scale_Time: 700 Scale: 1 1 1
Rotate_Time: 0 Rotation: -0.681675 0.0159134 0.0320305 0.730781
Rotate_Time: 33.3333 Rotation: -0.67211 0.0156264 0.0309938 0.739637
Rotate_Time: 66.6667 Rotation: -0.648843 0.0149297 0.0284998 0.760242
Rotate_Time: 100 Rotation: -0.620248 0.0140779 0.0254871 0.783865
Rotate_Time: 133.333 Rotation: -0.595627 0.0133496 0.0229357 0.802822
Rotate_Time: 166.667 Rotation: -0.585128 0.0130406 0.021859 0.810541
Rotate_Time: 200 Rotation: -0.58783 0.0131203 0.0221353 0.808575
Rotate_Time: 233.333 Rotation: -0.595205 0.0133379 0.0228921 0.803137
Rotate_Time: 266.667 Rotation: -0.60613 0.0136605 0.0240187 0.794886
Rotate_Time: 333.333 Rotation: -0.634142 0.0144918 0.0269424 0.772611
Rotate_Time: 366.667 Rotation: -0.649072 0.0149372 0.0285221 0.760045
Rotate_Time: 400 Rotation: -0.663271 0.0153624 0.0300388 0.747619
Rotate_Time: 433.333 Rotation: -0.675806 0.015739 0.0313907 0.736242
Rotate_Time: 466.667 Rotation: -0.685804 0.0160402 0.0324777 0.726884
Rotate_Time: 500 Rotation: -0.692424 0.0162402 0.0332015 0.720544
Rotate_Time: 533.333 Rotation: -0.694823 0.0163128 0.0334651 0.718217
Rotate_Time: 600 Rotation: -0.690221 0.0161729 0.0329614 0.722667
Rotate_Time: 633.333 Rotation: -0.686329 0.0160545 0.0325368 0.726386
Rotate_Time: 666.667 Rotation: -0.683053 0.0159552 0.0321805 0.729485
Rotate_Time: 700 Rotation: -0.681675 0.0159134 0.0320308 0.730781
Pos_Time: 0 Pos: 0.0409 4.4269 -0
Pos_Time: 33.3333 Pos: 0.0409 4.4269 -0
Pos_Time: 66.6667 Pos: 0.0409 4.4269 -0
Pos_Time: 100 Pos: 0.0409 4.4269 -0
Pos_Time: 133.333 Pos: 0.0409 4.4269 -0
Pos_Time: 166.667 Pos: 0.0409 4.4269 -0
Pos_Time: 200 Pos: 0.0409 4.4269 -0
Pos_Time: 233.333 Pos: 0.0409 4.4269 -0
Pos_Time: 266.667 Pos: 0.0409 4.4269 -0
Pos_Time: 333.333 Pos: 0.0409 4.4269 -0
Pos_Time: 366.667 Pos: 0.0409 4.4269 -0
Pos_Time: 400 Pos: 0.0409 4.4269 -0
Pos_Time: 433.333 Pos: 0.0409 4.4269 -0
Pos_Time: 466.667 Pos: 0.0409 4.4269 -0
Pos_Time: 500 Pos: 0.0409 4.4269 -0
Pos_Time: 533.333 Pos: 0.0409 4.4269 -0
Pos_Time: 600 Pos: 0.0409 4.4269 -0
Pos_Time: 633.333 Pos: 0.0409 4.4269 -0
Pos_Time: 666.667 Pos: 0.0409 4.4269 -0
Pos_Time: 700 Pos: 0.0409 4.4269 -0

#8_KeyFrame
Scale_Size: 20
Rotate_Size: 20
Pos_Size: 20
Scale_Time: 0 Scale: 1 1 1
Scale_Time: 33.3333 Scale: 1 1 1
Scale_Time: 66.6667 Scale: 1 1 1
Scale_Time: 100 Scale: 1 1 1
Scale_Time: 133.333 Scale: 1 1 1
Scale_Time: 166.667 Scale: 1 1 1
Scale_Time: 200 Scale: 1 1 1
Scale_Time: 233.333 Scale: 1 1 1
Scale_Time: 266.667 Scale: 1 1 1
Scale_Time: 333.333 Scale: 1 1 1
Scale_Time: 366.667 Scale: 1 1 1
Scale_Time: 400 Scale: 1 1 1
Scale_Time: 433.333 Scale: 1 1 1
Scale_Time: 466.667 Scale: 1 1 1
Scale_Time: 500 Scale: 1 1 1
Scale_Time: 533.333 Scale: 1 1 1
Scale_Time: 600 Scale: 1 1 1
Scale_Time: 633.333 Scale: 1 1 1
Scale_Time: 666.667 Scale: 1 1 1
Scale_Time: 700 Scale: 1 1 1
Rotate_Time: 0 Rotation: -0.633487 -0.0154886 0.0681292 0.770593
Rotate_Time: 33.3333 Rotation: -0.623354 -0.0150665 0.0678406 0.778846
Rotate_Time: 66.6667 Rotation: -0.598767 -0.0140248 0.0670629 0.797987
Rotate_Time: 100 Rotation: -0.56866 -0.0127639 0.0660488 0.819817
Rotate_Time: 133.333 Rotation: -0.542828 -0.011694 0.0651289 0.837233
Rotate_Time: 166.667 Rotation: -0.531836 -0.0112418 0.0647244 0.844296
Rotate_Time: 200 Rotation: -0.534663 -0.0113579 0.0648291 0.842498
Rotate_Time: 233.333 Rotation: -0.542385 -0.0116756 0.0651128 0.837521
Rotate_Time: 266.667 Rotation: -0.553836 -0.0121486 0.0655264 0.829954
Rotate_Time: 333.333 Rotation: -0.583273 -0.013374 0.066549 0.809435
Rotate_Time: 366.667 Rotation: -0.599007 -0.0140348 0.0670704 0.797807
Rotate_Time: 400 Rotation: -0.614001 -0.0146685 0.06755 0.786273
Rotate_Time: 433.333 Rotation: -0.627265 -0.0152327 0.0679597 0.775685
Rotate_Time: 466.667 Rotation: -0.637862 -0.0156859 0.0682769 0.766958
Rotate_Time: 500 Rotation: -0.64489 -0.0159753 0.0684602 0.761035
Rotate_Time: 533.333 Rotation: -0.647439 -0.0160857 0.0685188 0.75886
Rotate_Time: 600 Rotation: -0.642551 -0.01588 0.0684018 0.763018
Rotate_Time: 633.333 Rotation: -0.63842 -0.0157176 0.0683069 0.76649
Rotate_Time: 666.667 Rotation: -0.634944 -0.0155813 0.068226 0.769382
Rotate_Time: 700 Rotation: -0.633482 -0.0154991 0.0682062 0.770589
Pos_Time: 0 Pos: -1.0825 10.619 0.5399
Pos_Time: 33.3333 Pos: -1.0825 10.619 0.5399
Pos_Time: 66.6667 Pos: -1.0825 10.619 0.5399
Pos_Time: 100 Pos: -1.0825 10.619 0.5399
Pos_Time: 133.333 Pos: -1.0825 10.619 0.5399
Pos_Time: 166.667 Pos: -1.0825 10.619 0.5399
Pos_Time: 200 Pos: -1.0825 10.619 0.5399
Pos_Time: 233.333 Pos: -1.0825 10.619 0.5399
Pos_Time: 266.667 Pos: -1.0825 10.619 0.5399
Pos_Time: 333.333 Pos: -1.0825 10.619 0.5399
Pos_Time: 366.667 Pos: -1.0825 10.619 0.5399
Pos_Time: 400 Pos: -1.0825 10.619 0.5399
Pos_Time: 433.333 Pos: -1.0825 10.619 0.5399
Pos_Time: 466.667 Pos: -1.0825 10.619 0.5399
Pos_Time: 500 Pos: -1.0825 10.619 0.5399
Pos_Time: 533.333 Pos: -1.0825 10.619 0.5399
Pos_Time: 600 Pos: -1.0825 10.619 0.5399
Pos_Time: 633.333 Pos: -1.0825 10.619 0.5399
Pos_Time: 666.667 Pos: -1.0825 10.619 0.5399
Pos_Time: 700 Pos: -1.0825 10.619 0.5399

#9_KeyFrame
Scale_Size: 20
Rotate_Size: 20
Pos_Size: 20
Scale_Time: 0 Scale: 1 1 1
Scale_Time: 33.3333 Scale: 1 1 1
Scale_Time: 66.6667 Scale: 1 1 1
Scale_Time: 100 Scale: 1 1 1
Scale_Time: 133.333 Scale: 1 1 1
Scale_Time: 166.667 Scale: 1 1 1
Scale_Time: 200 Scale: 1 1 1
Scale_Time: 233.333 Scale: 1 1 1
Scale_Time: 266.667 Scale: 1 1 1
Scale_Time: 333.333 Scale: 1 1 1
Scale_Time: 366.667 Scale: 1 1 1
Scale_Time: 400 Scale: 1 1 1
Scale_Time: 433.333 Scale: 1 1 1
Scale_Time: 466.667 Scale: 1 1 1
Scale_Time: 500 Scale: 1 1 1
Scale_Time: 533.333 Scale: 1 1 1
Scale_Time: 600 Scale: 1 1 1
Scale_Time: 633.333 Scale: 1 1 1
Scale_Time: 666.667 Scale: 1 1 1
Scale_Time: 700 Scale: 1 1 1
Rotate_Time: 0 Rotation: -0.641305 0.00417279 0.0330753 0.766562
Rotate_Time: 33.3333 Rotation: -0.631249 0.00410468 0.0323615 0.774894
Rotate_Time: 66.6667 Rotation: -0.606837 0.00393825 0.0306363 0.794226
Rotate_Time: 100 Rotation: -0.57693 0.00373354 0.0285384 0.816286
Rotate_Time: 133.333 Rotation: -0.551256 0.00355831 0.0267504 0.833899
Rotate_Time: 166.667 Rotation: -0.540329 0.00348401 0.0259926 0.841045
Rotate_Time: 200 Rotation: -0.54314 0.00350332 0.0261873 0.839227
Rotate_Time: 233.333 Rotation: -0.550817 0.0035558 0.0267197 0.834191
Rotate_Time: 266.667 Rotation: -0.5622 0.00363375 0.0275105 0.826536
Rotate_Time: 333.333 Rotation: -0.591449 0.00383381 0.0295533 0.805791
Rotate_Time: 366.667 Rotation: -0.607077 0.00394067 0.0306511 0.794042
Rotate_Time: 400 Rotation: -0.621966 0.00404271 0.0317013 0.782392
Rotate_Time: 433.333 Rotation: -0.635133 0.00413283 0.0326341 0.771702
Rotate_Time: 466.667 Rotation: -0.64565 0.00420492 0.0333818 0.762892
Rotate_Time: 500 Rotation: -0.652622 0.00425273 0.0338782 0.756914
Rotate_Time: 533.333 Rotation: -0.655151 0.00427658 0.0340473 0.754719
Rotate_Time: 600 Rotation: -0.650301 0.00423589 0.0337142 0.758916
Rotate_Time: 633.333 Rotation: -0.646203 0.00420653 0.033424 0.762422
Rotate_Time: 666.667 Rotation: -0.642754 0.00417329 0.0331955 0.765342
Rotate_Time: 700 Rotation: -0.641302 0.00416591 0.0331149 0.766562
Pos_Time: 0 Pos: 0.0121 4.5069 -0
Pos_Time: 33.3333 Pos: 0.0121 4.5069 -0
Pos_Time: 66.6667 Pos: 0.0121 4.5069 -0
Pos_Time: 100 Pos: 0.0121 4.5069 -0
Pos_Time: 133.333 Pos: 0.0121 4.5069 -0
Pos_Time: 166.667 Pos: 0.0121 4.5069 -0
Pos_Time: 200 Pos: 0.0121 4.5069 -0
Pos_Time: 233.333 Pos: 0.0121 4.5069 -0
Pos_Time: 266.667 Pos: 0.0121 4.5069 -0
Pos_Time: 333.333 Pos: 0.0121 4.5069 -0
Pos_Time: 366.667 Pos: 0.0121 4.5069 -0
Pos_Time: 400 Pos: 0.0121 4.5069 -0
Pos_Time: 433.333 Pos: 0.0121 4.5069 -0
Pos_Time: 466.667 Pos: 0.0121 4.5069 -0
Pos_Time: 500 Pos: 0.0121 4.5069 -0
Pos_Time: 533.333 Pos: 0.0121 4.5069 -0
Pos_Time: 600 Pos: 0.0121 4.5069 -0
Pos_Time: 633.333 Pos: 0.0121 4.5069 -0
Pos_Time: 666.667 Pos: 0.0121 4.5069 -0
Pos_Time: 700 Pos: 0.0121 4.5069 -0

#10_KeyFrame
Scale_Size: 20
Rotate_Size: 20
Pos_Size: 20
Scale_Time: 0 Scale: 1 1 1
Scale_Time: 33.3333 Scale: 1 1 1
Scale_Time: 66.6667 Scale: 1 1 1
Scale_Time: 100 Scale: 1 1 1
Scale_Time: 133.333 Scale: 1 1 1
Scale_Time: 166.667 Scale: 1 1 1
Scale_Time: 200 Scale: 1 1 1
Scale_Time: 233.333 Scale: 1 1 1
Scale_Time: 266.667 Scale: 1 1 1
Scale_Time: 333.333 Scale: 1 1 1
Scale_Time: 366.667 Scale: 1 1 1
Scale_Time: 400 Scale: 1 1 1
Scale_Time: 433.333 Scale: 1 1 1
